run subrun
17517 273
17517 300
17492 53
17492 93
17204 148
17204 171
17204 200
17070 21
17070 85
17070 108
17070 111
17070 119
17070 177
17070 185
17070 220
17352 3
17352 42
17352 54
17352 82
17352 110
17352 123
17352 146
17352 148
17352 235
17352 277
17434 2
17434 13
17434 14
17434 18
17434 32
17434 37
17434 38
17434 41
17434 47
17434 57
17150 0
17150 12
17150 16
17150 21
17150 40
17150 44
17150 45
17150 51
17150 52
17150 56
17514 18
17514 32
17514 33
17514 74
17514 92
17514 95
17514 98
17352 38
17352 80
17352 93
17352 104
17352 119
17352 124
17352 154
17352 193
17352 226
17517 23
17517 35
17517 38
17517 53
17517 58
17517 193
17517 272
17517 20
17517 215
17517 229
17517 256
17517 271
17517 287
17517 314
17125 0
17125 3
17125 17
17125 24
17125 47
17125 67
17125 80
17125 96
17125 103
17125 106
17408 2
17408 14
17408 25
17408 30
17408 32
17408 39
17408 44
17408 46
17408 47
17408 75
17408 5
17408 12
17408 21
17408 35
17408 49
17408 58
17408 60
17408 63
17408 69
17408 87
17517 32
17517 49
17517 60
17517 77
17517 80
17517 244
17517 299
17517 307
17434 4
17434 9
17434 20
17434 28
17434 30
17434 36
17434 42
17434 45
17434 56
17434 59
17409 15
17409 25
17409 27
17409 28
17409 33
17409 47
17409 54
17409 77
17409 80
17409 91
17492 0
17492 4
17492 24
17492 58
17492 74
17492 85
17492 106
17492 109
17352 17
17352 21
17352 79
17352 84
17352 115
17352 120
17352 145
17352 175
17352 186
17352 216
17492 25
17492 51
17492 96
17517 285
17517 308
17514 101
17544 25
17544 34
17408 24
17408 31
17408 33
17408 50
17408 52
17408 62
17408 64
17408 66
17408 74
17408 76
17517 6
17517 8
17517 82
17517 150
17517 197
17517 220
17517 275
17517 282
17517 292
17352 8
17352 65
17352 72
17352 78
17352 81
17352 189
17352 221
17352 286
17352 318
17451 30
17451 55
17451 72
17451 80
17451 85
17451 136
17451 150
17451 163
17451 227
17491 10
17491 19
17491 22
17491 29
17491 30
17491 32
17491 36
17491 41
17517 5
17517 61
17517 169
17324 1
17324 20
17324 22
17324 29
17324 35
17324 47
17324 81
17324 105
17324 112
17514 9
17514 30
17098 30
17098 44
17098 46
17098 56
17098 81
17098 105
17098 126
17098 128
17098 130
17098 139
17497 45
17497 66
17497 90
17497 92
17497 147
17497 151
17497 175
17497 215
17204 96
17204 125
17204 162
17204 166
17204 181
17070 77
17070 107
17070 123
17070 155
17070 160
17070 200
17070 207
17070 234
17070 251
17070 258
17544 27
17544 32
17544 33
17505 36
17505 62
17505 83
17505 98
17505 106
17505 107
17505 128
17505 136
17517 26
17517 44
17517 54
17517 182
17517 186
17517 191
17434 7
17434 21
17434 24
17434 29
17434 55
17434 58
17434 61
17434 65
17517 41
17517 42
17517 180
17517 279
17517 291
17517 310
17421 1
17421 2
17421 3
17421 4
17421 5
17421 6
17421 8
17421 9
17421 13
17070 61
17070 62
17070 64
17070 94
17070 99
17070 152
17070 240
17070 256
17070 280
17070 282
17204 177
17517 309
17204 111
17204 142
17204 146
17204 147
17204 182
17204 194
17204 203
17204 95
17204 154
17204 158
17204 165
17204 172
17204 204
17204 210
17070 15
17070 41
17070 92
17070 93
17070 115
17070 124
17070 128
17070 192
17070 233
17070 248
17070 79
17070 83
17070 166
17070 178
17070 183
17070 188
17070 196
17070 229
17070 231
17070 242
17390 8
17390 22
17390 30
17390 36
17390 47
17390 57
17390 69
17390 80
17390 87
17419 19
17419 25
17419 59
17419 62
17419 70
17419 75
17204 93
17204 99
17204 100
17204 130
17204 180
17462 1
17462 2
17462 4
17462 5
17462 9
17462 18
17462 20
17098 28
17098 34
17098 51
17098 62
17098 72
17098 95
17098 112
17098 131
17098 135
17492 12
17492 17
17492 48
17492 49
17492 56
17492 61
17492 79
17492 91
17517 7
17517 33
17517 56
17517 176
17517 221
17517 222
17353 2
17353 15
17353 19
17353 30
17353 31
17353 32
17353 44
17353 47
17353 48
17434 17
17434 19
17434 23
17434 25
17434 39
17434 51
17434 52
17434 62
17352 40
17352 62
17352 158
17352 196
17352 201
17352 229
17352 281
17352 305
17352 328
17352 337
17434 0
17434 1
17434 5
17434 15
17434 16
17434 44
17434 49
17434 60
17434 63
17434 64
17517 9
17517 46
17517 66
17517 175
17517 250
17517 302
17353 1
17353 6
17353 7
17353 14
17353 29
17353 39
17353 42
17353 45
17353 50
17408 6
17408 26
17408 37
17408 38
17408 43
17408 53
17408 61
17408 73
17408 80
17408 86
17517 2
17517 152
17517 158
17517 196
17517 274
17517 28
17517 29
17517 34
17517 81
17517 157
17517 167
17517 243
17517 249
17492 19
17492 31
17492 111
17204 116
17204 123
17204 190
17492 9
17492 70
17492 101
17409 35
17409 40
17409 45
17409 48
17409 50
17409 52
17409 55
17409 67
17409 82
17204 110
17204 134
17204 159
17204 183
17204 188
17204 206
17517 19
17517 31
17517 52
17517 59
17517 164
17517 198
17517 238
17352 19
17352 25
17352 59
17352 101
17352 106
17352 181
17352 204
17352 240
17352 278
17352 288
17492 3
17492 39
17492 46
17492 54
17492 59
17492 63
17492 80
17492 108
17408 3
17408 20
17408 23
17408 34
17408 45
17408 48
17408 56
17408 59
17408 70
17408 83
17301 10
17301 75
17301 80
17301 95
17301 108
17301 110
17301 140
17434 3
17434 8
17434 10
17434 12
17434 22
17434 33
17434 43
17434 46
17434 48
17434 50
17301 17
17301 28
17301 39
17301 52
17301 53
17301 65
17301 86
17301 112
17301 127
17301 133
17301 15
17301 29
17301 34
17301 66
17301 81
17301 91
17301 106
17301 113
17408 4
17408 18
17408 22
17408 27
17408 40
17408 42
17408 55
17408 57
17408 71
17408 72
17408 0
17408 8
17408 9
17408 11
17408 16
17408 28
17408 51
17408 65
17408 68
17408 88
17355 2
17355 20
17355 30
17355 35
17355 55
17355 74
17355 96
17355 98
17355 108
17355 120
17125 15
17125 20
17125 41
17125 44
17125 64
17125 79
17125 83
17125 84
17125 104
17409 0
17409 2
17409 22
17409 23
17409 53
17409 59
17409 78
17409 81
17409 84
17514 0
17514 2
17514 14
17514 27
17514 76
17514 90
17514 103
17435 3
17435 24
17435 31
17435 38
17435 40
17435 48
17435 55
17435 56
17435 58
17435 60
17390 0
17390 14
17390 20
17390 25
17390 37
17390 43
17390 50
17390 54
17390 73
17390 76
17204 119
17204 221
17204 228
17492 105
17517 27
17517 151
17517 160
17517 245
17517 298
17517 316
17492 43
17492 77
17070 37
17070 89
17070 90
17070 116
17070 149
17070 154
17070 164
17070 165
17070 224
17070 272
17517 13
17517 47
17517 79
17517 179
17517 205
17517 265
17380 0
17380 5
17380 8
17380 10
17380 16
17380 24
17380 38
17380 45
17380 55
17517 0
17517 317
16925 7
16925 52
16925 88
16925 95
17439 4
17439 6
17439 7
17439 9
17439 10
17439 12
17439 13
17439 16
17439 21
16923 8
16923 18
16923 54
16923 136
16923 214
16923 245
16923 274
16923 280
16923 283
16923 320
17372 44
17372 50
17372 56
17372 66
17372 85
17372 104
17372 108
17372 112
17372 121
17372 128
17125 1
17125 2
17125 13
17125 19
17125 38
17125 48
17125 74
17125 78
17125 95
17125 105
17070 4
17070 14
17070 43
17070 49
17070 82
17070 110
17070 125
17070 132
17070 176
17070 270
17301 42
17301 94
17301 97
17301 99
17301 116
17301 121
17301 124
17301 130
17301 139
17301 36
17301 40
17301 70
17301 72
17301 96
17301 100
17301 136
17383 13
17383 30
17383 45
17383 101
17383 107
17383 181
17383 257
17383 374
17383 475
17383 489
16952 35
16952 41
16952 47
16952 56
16952 82
16952 117
16952 129
16952 130
16952 131
17324 8
17324 19
17324 26
17324 46
17324 66
17324 70
17324 86
17324 90
17324 104
17324 109
17514 38
17514 40
17514 88
17514 91
17514 102
17484 67
17484 90
17484 144
17484 176
17484 209
17484 216
17484 230
17491 3
17491 11
17491 12
17491 14
17491 16
17491 23
17491 26
17491 27
17491 38
17352 30
17352 50
17352 157
17352 222
17352 224
17352 225
17352 289
17352 309
17352 327
17491 0
17491 6
17491 7
17491 18
17491 21
17491 31
17491 34
17491 39
17414 44
17414 50
17414 63
17414 82
17414 103
17414 112
17414 133
17414 159
17414 173
17414 175
17517 78
17517 174
17517 194
17517 195
17517 210
17517 218
17517 264
17352 49
17352 57
17352 105
17352 142
17352 162
17352 205
17352 253
17352 265
17352 268
17352 323
17475 5
17475 21
17475 35
17475 40
17475 48
17475 65
17475 80
17475 115
17475 171
17235 24
17235 28
17235 34
17235 39
17235 40
17235 50
17235 55
17235 57
17235 74
17235 95
17408 7
17408 13
17408 15
17408 78
17408 79
17408 81
17408 82
17408 84
17408 85
17492 1
17492 6
17492 22
17492 68
17492 75
17492 78
17492 95
17492 5
17492 11
17492 35
17492 47
17492 50
17492 107
17492 103
17301 16
17514 75
17514 99
17492 57
17492 92
17544 28
17544 29
17415 13
17415 34
17415 55
17415 130
17415 272
17517 233
17517 64
17517 159
17517 185
17517 226
17517 262
17517 283
17517 284
17352 85
17352 116
17352 212
17352 214
17352 230
17352 273
17352 296
17352 317
17324 10
17324 25
17324 37
17324 40
17324 44
17324 50
17324 58
17324 69
17324 77
17324 87
17352 4
17352 47
17352 71
17352 188
17352 195
17352 215
17352 238
17352 263
17352 12
17352 87
17352 97
17352 103
17352 141
17352 169
17352 192
17352 236
17352 254
17352 307
17440 63
17440 73
17440 78
17440 97
17440 133
17440 134
17440 135
17440 145
17440 154
17440 182
17353 5
17353 9
17353 11
17353 28
17353 43
17353 46
17353 49
17353 52
17353 54
17492 76
17492 102
17514 3
17514 16
17514 37
17514 45
17514 86
17514 87
17070 96
17070 139
17070 145
17070 156
17070 163
17070 213
17070 216
17070 235
17070 252
17070 254
17408 1
17408 10
17408 17
17408 19
17408 29
17408 36
17408 41
17408 54
17408 67
17408 77
17517 163
17517 165
17517 177
17517 206
17517 231
17517 259
17517 288
17352 9
17352 31
17352 44
17352 166
17352 223
17352 290
17352 333
17352 338
17352 33
17352 53
17352 77
17352 83
17352 86
17352 126
17352 255
17352 283
17352 295
17070 23
17070 25
17070 34
17070 51
17070 105
17070 127
17070 198
17070 212
17070 241
17517 172
17517 184
17517 235
17517 311
17517 315
17352 41
17352 55
17352 139
17352 149
17352 207
17352 220
17352 233
17352 271
17352 293
17352 322
17077 14
17077 31
17077 53
17077 101
17077 122
17077 139
17077 140
17077 142
17077 157
17077 203
17493 73
17493 96
17493 122
17493 127
17493 128
17493 136
17493 229
17493 263
17493 275
17514 21
17514 36
17514 39
17514 43
17514 51
17514 79
17514 100
17493 24
17493 57
17493 141
17493 183
17493 189
17493 227
17493 251
17493 255
17204 127
17204 156
17204 160
17204 94
17204 113
17204 179
17204 187
17492 23
17492 34
17492 64
17492 67
17492 72
17492 94
17492 97
17492 110
17517 37
17517 40
17517 178
17517 188
17517 236
17517 247
17517 261
17517 280
17514 1
17514 24
17514 89
17471 11
17471 17
17471 36
17471 49
17471 55
17471 68
17471 80
17514 4
17514 20
17514 31
17514 44
17517 293
17517 320
17125 5
17125 33
17125 60
17125 77
17125 108
17125 116
17125 118
17415 26
17415 33
17415 41
17415 46
17415 214
17415 228
17415 244
17204 101
17204 109
17204 155
17204 161
17070 1
17070 19
17070 20
17070 50
17070 189
17070 214
17070 217
17070 225
17070 239
17070 245
17301 68
17301 131
17301 135
17301 141
17070 52
17070 67
17070 75
17070 84
17070 120
17070 131
17070 170
17070 182
17070 204
17070 9
17070 10
17070 17
17070 104
17070 161
17070 167
17070 169
17070 202
17070 206
17070 215
17497 203
17070 6
17070 70
17070 86
17070 97
17070 100
17070 117
17070 133
17070 171
17070 173
17070 232
17517 50
17517 70
17517 173
17517 227
17517 278
17517 301
17517 319
17435 5
17435 11
17435 12
17435 18
17435 23
17435 37
17435 42
17435 43
17435 46
17435 51
17409 4
17409 17
17409 31
17409 34
17409 61
17409 68
17409 73
17409 76
17409 87
17420 0
17420 5
17420 6
17420 8
17420 11
17420 15
17420 20
17544 24
17544 26
17544 30
17544 31
17435 7
17435 13
17435 17
17435 19
17435 20
17435 25
17435 28
17435 53
17435 57
17352 22
17352 76
17352 108
17352 140
17352 163
17352 202
17352 259
17352 267
17352 284
17352 285
17414 19
17414 56
17414 66
17414 86
17414 94
17414 108
17414 115
17414 180
17352 36
17352 96
17352 107
17352 241
17352 252
17352 256
17352 274
17352 282
17352 301
17352 312
17352 13
17352 18
17352 35
17352 67
17352 91
17352 156
17352 185
17352 203
17352 308
17352 335
17352 5
17352 16
17352 27
17352 45
17352 75
17352 112
17352 161
17352 164
17352 239
17352 297
17352 28
17352 46
17352 60
17352 113
17352 136
17352 138
17352 218
17352 231
17352 237
17352 248
17463 0
17463 1
17463 2
17463 3
17463 4
17463 5
17463 6
17361 8
17361 81
17361 88
17361 95
17361 283
17361 313
17361 347
17361 361
17361 383
17391 8
17391 11
17391 12
17391 14
17391 23
17391 28
17391 32
17391 44
17391 49
17517 4
17517 18
17517 24
17517 189
17517 267
17517 268
17517 276
17324 9
17324 15
17324 18
17324 27
17324 28
17324 42
17324 75
17324 80
17324 94
17324 98
17462 6
17462 8
17462 12
17462 13
17462 14
17462 15
17462 17
17462 19
17462 22
17125 11
17125 12
17125 26
17125 81
17125 91
17125 98
17125 100
17125 111
17125 117
17125 125
17453 13
17453 27
17453 28
17453 31
17453 39
17453 41
17453 51
17453 69
17488 203
17488 251
17352 58
17352 64
17352 68
17352 180
17352 209
17352 242
17352 245
17352 287
17352 316
17492 14
17492 27
17492 98
17492 104
17514 5
17514 46
17514 72
17514 77
17514 80
17514 83
17514 85
17514 96
17137 12
17137 63
17137 85
17137 101
17137 114
17137 134
17137 147
17137 161
17137 211
17137 213
17517 12
17517 16
17517 155
17517 170
17517 211
17517 212
17517 223
17517 263
17324 12
17324 43
17324 60
17324 61
17324 83
17324 85
17324 92
17324 102
17324 106
17352 99
17352 118
17352 144
17352 174
17352 184
17352 260
17352 279
17352 294
17352 311
17352 339
17517 192
17517 232
17517 237
17517 295
17422 0
17422 5
17422 7
17422 10
17422 11
17422 13
17422 14
17422 17
17422 23
17422 26
17455 10
17455 11
17455 17
17455 19
17491 1
17491 2
17491 4
17491 5
17491 13
17491 17
17491 24
17491 37
17491 42
17517 228
17517 306
17070 74
17070 118
17070 129
17070 151
17070 162
17070 172
17070 209
17070 219
17070 223
17070 263
17517 296
17517 313
17301 31
17301 35
17301 49
17301 55
17301 71
17301 82
17301 101
17491 8
17491 40
17352 26
17352 56
17352 89
17352 121
17352 153
17352 251
17352 257
17352 304
17352 320
17409 3
17409 8
17409 14
17409 18
17409 39
17409 44
17409 58
17409 83
17409 90
17517 45
17301 14
17301 38
17301 51
17301 56
17301 74
17301 89
17301 104
17301 123
17301 129
17324 45
17324 49
17324 52
17324 55
17324 63
17324 89
17324 103
17517 286
17517 294
17070 0
17070 3
17070 26
17070 66
17070 69
17070 76
17070 101
17070 138
17070 179
17070 210
17353 4
17353 10
17353 17
17353 18
17353 25
17353 26
17353 37
17353 51
17353 53
17419 6
17419 17
17419 38
17419 46
17419 48
17419 49
17419 51
17419 54
17419 58
17419 74
17517 3
17517 21
17517 67
17517 297
17352 6
17352 48
17352 63
17352 73
17352 109
17352 170
17352 197
17352 198
17352 258
17352 266
17435 8
17435 10
17435 26
17435 33
17435 35
17435 39
17435 41
17435 49
17435 50
17435 59
17492 10
17492 55
17125 18
17125 23
17125 40
17125 52
17125 55
17125 56
17125 58
17125 62
17125 68
17125 92
17517 63
17517 209
17517 214
17517 277
17517 312
17517 10
17517 39
17517 161
17517 166
17517 208
17517 241
17517 253
17489 4
17489 21
17489 31
17489 35
17489 51
17489 134
17489 141
17489 234
17489 247
17204 108
17204 114
17204 137
17204 153
17204 196
17352 88
17352 102
17352 117
17352 182
17352 217
17352 249
17352 291
17352 306
17352 321
17352 326
17204 98
17204 102
17204 107
17204 112
17204 138
17204 141
17204 195
17204 218
16923 4
16923 7
16923 128
16923 156
16923 219
16923 250
16923 297
16923 310
16923 327
17324 2
17324 4
17324 24
17324 30
17324 36
17324 41
17324 51
17324 56
17324 59
17324 97
17487 3
17487 7
17487 10
17487 21
17487 35
17487 45
17487 52
17352 37
17352 92
17352 111
17352 135
17352 151
17352 152
17352 159
17352 173
17352 244
17352 264
16925 13
16925 38
16925 41
16925 58
16925 67
16925 70
16925 75
16925 99
16925 117
16925 125
17517 30
17517 154
17517 181
17517 213
17517 270
17517 281
17517 289
17301 18
17301 22
17301 48
17301 76
17301 85
17301 98
17301 115
17301 120
17491 9
17491 15
17491 20
17491 25
17491 28
17491 33
17491 35
17517 11
17517 76
17517 203
17517 242
17517 258
17517 269
17517 304
17517 318
17204 105
17204 128
17204 133
17204 139
17204 164
17204 173
17204 189
17204 193
17523 1
17523 4
17523 5
17523 6
17523 14
17523 24
17523 28
17523 40
17458 16
17458 18
17458 27
17458 44
17458 67
17458 81
17458 92
17458 138
17324 5
17324 54
17324 71
17324 79
17324 93
17324 100
17324 113
17517 14
17517 17
17517 51
17517 65
17517 240
17517 248
17517 257
17429 0
17429 1
17429 3
17429 4
17429 5
17429 6
17429 19
17429 26
17429 27
17429 29
17301 13
17301 41
17301 43
17301 47
17301 67
17301 69
17301 73
17301 117
17301 119
17443 0
17443 1
17443 2
17443 3
17443 4
17443 6
17443 11
17443 12
17443 13
17352 1
17352 150
17352 199
17352 234
17352 280
17352 300
17352 330
17352 340
17517 15
17517 25
17517 55
17517 156
17517 162
17517 168
17517 255
17492 2
17492 8
17492 26
17492 38
17492 86
17492 87
17492 99
17492 100
17419 0
17419 1
17419 9
17419 12
17419 27
17419 29
17419 40
17419 44
17419 67
17419 71
17517 1
17517 48
17517 57
17517 71
17517 171
17517 183
17517 187
17517 246
17524 0
17524 71
17524 75
17524 112
17524 136
17524 143
17492 16
17492 20
17492 41
17492 45
17492 66
17492 71
17492 88
17492 90
17517 22
17517 68
17517 83
17517 153
17517 207
17517 225
17517 251
17517 252
17517 303
17492 33
17492 37
17492 40
17492 52
17492 62
17492 65
17492 69
16955 26
16955 37
16955 43
16955 45
16955 59
16955 64
16955 71
16955 78
16955 84
16955 92
17034 69
17034 112
17034 146
17034 165
17034 209
17034 232
17034 252
17034 270
17034 276
17034 296
17098 3
17098 6
17098 13
17098 69
17098 70
17098 102
17098 116
17098 123
17098 125
17098 140
17517 36
17517 62
17517 190
17517 217
17517 230
17517 234
17517 254
17517 290
16955 12
16955 27
16955 31
16955 40
16955 46
16955 47
16955 52
16955 54
16955 57
16955 58
16925 39
16925 46
16925 56
16925 79
16925 87
16925 105
16925 112
16925 143
17125 10
17125 22
17125 31
17125 63
17125 73
17125 85
17125 97
17125 107
17125 115
17125 119
17177 6
17177 11
17177 15
17177 33
17177 40
17177 42
17177 43
17177 45
17177 47
17177 54
17001 26
17001 47
17001 54
17001 64
17413 47
17413 66
17413 106
17413 181
17413 286
17413 288
17413 307
17413 324
17413 327
17413 356
17001 30
17001 33
17001 35
17001 38
17001 48
16996 0
16996 17
16996 31
16996 37
16996 42
16996 47
16996 49
16996 50
16996 51
17055 2
17055 48
17055 75
17055 79
17055 153
17055 194
17055 235
17055 344
17055 388
17055 462
16890 4
16890 18
16890 63
16890 99
16890 156
16890 164
16890 166
16890 192
17098 7
17098 9
17098 54
17098 55
17098 80
17098 85
17098 92
17098 109
17098 115
17098 124
17175 0
17175 1
17175 6
17175 8
17175 9
17175 11
17034 51
17034 107
17034 124
17034 130
17034 200
17034 229
17034 235
17034 241
17034 292
17034 298
17070 18
17070 65
17070 137
17070 148
17070 197
17070 201
17070 203
17070 255
17070 286
17514 28
17514 41
17352 32
17352 94
17352 194
17352 213
17352 270
17352 319
17352 332
17150 5
17150 11
17150 14
17150 24
17150 26
17150 27
17150 29
17150 35
17150 41
17150 46
16909 25
16909 32
16909 39
16909 50
16909 124
16909 137
16909 146
16909 153
16909 157
16996 8
16996 9
16996 13
16996 20
16996 24
16996 26
16996 34
16996 41
16996 48
16996 53
17267 3
17267 19
17267 30
17267 47
17267 50
17267 70
17267 116
17267 131
17267 148
17267 150
17001 2
17001 3
17001 23
17001 32
17001 51
17001 53
17034 6
17034 17
17034 102
17034 144
17034 202
17034 218
17034 284
17034 285
17034 293
16952 9
16952 25
16952 46
16952 49
16952 51
16952 67
16952 68
16952 69
16952 83
16952 98
17514 22
17514 25
17514 50
17514 71
17514 73
17514 93
17514 94
17514 106
17370 2
17370 9
17370 10
17370 23
17370 32
17370 41
17370 53
17370 55
17034 43
17034 71
17034 85
17034 120
17034 137
17034 166
17034 170
17034 226
17034 227
17034 267
16890 10
16890 69
16890 77
16890 118
16890 130
16890 147
16890 152
16890 169
16890 183
17526 4
17526 7
17526 9
17526 17
17526 21
17526 23
17526 26
17526 27
17034 86
17034 99
17034 110
17034 168
17034 169
17034 195
17034 223
17034 230
17034 239
17034 273
16889 4
16889 5
16889 69
16889 163
16889 190
16889 232
16889 236
16889 280
16889 287
17301 11
17301 21
17301 23
17301 25
17301 44
17301 54
17301 78
17301 102
17301 105
17301 118
17097 6
17097 11
17097 14
17097 20
17097 22
17097 25
17097 26
17097 27
17097 28
17204 97
17204 104
17204 136
17204 201
17204 211
16925 20
16925 33
16925 36
16925 51
16925 66
16925 71
16925 80
16925 116
16925 129
16925 130
17070 44
17070 187
17070 194
17070 205
17070 236
17070 246
17070 268
17070 292
17150 1
17150 9
17150 13
17150 22
17150 33
17150 34
17150 43
17150 47
17150 53
17150 54
17070 2
17070 24
17070 40
17070 146
17070 159
17070 174
17070 237
17070 249
17070 253
17070 287
16952 2
16952 14
16952 17
16952 24
16952 45
16952 52
16952 76
16952 91
16952 100
16952 103
16923 14
16923 65
16923 129
16923 197
16923 309
16923 312
17125 8
17125 14
17125 32
17125 65
17125 66
17125 87
17125 99
17125 101
17125 112
17125 124
17435 0
17435 2
17435 6
17435 9
17435 14
17435 15
17435 21
17435 30
17435 47
17435 61
16889 19
16889 21
16889 120
16889 186
16889 234
16889 251
16889 267
16889 269
16889 279
16889 282
17124 2
17124 11
17124 20
17124 23
17124 25
17124 29
17124 33
17124 36
17124 47
17124 49
17126 4
17126 17
17126 19
17126 31
17126 104
17126 107
17126 111
17126 125
17126 164
17126 169
16923 32
16923 40
16923 48
16923 61
16923 127
16923 155
16923 158
16923 174
16923 303
16890 11
16890 43
16890 53
16890 78
16890 81
16890 82
16890 90
16890 114
16890 138
16890 157
17106 1
17106 2
17106 12
17106 15
17106 34
17106 36
17106 40
17106 46
17106 57
16960 2
16960 34
16960 54
16960 75
16960 101
16960 117
16960 132
16960 143
16960 158
16960 217
16889 29
16889 34
16889 39
16889 76
16889 134
16889 150
16889 153
16889 199
16889 228
16889 258
16923 30
16923 60
16923 82
16923 100
16923 114
16923 133
16923 201
16923 225
16923 288
16923 317
16890 39
16890 48
16890 110
16890 115
16890 117
16890 175
16890 179
16890 193
16890 8
16890 24
16890 35
16890 42
16890 79
16890 153
16890 162
16890 174
16890 182
16890 186
17034 45
17034 109
17034 115
17034 196
17034 198
17034 233
17034 272
17034 290
17034 304
16952 11
16952 20
16952 33
16952 48
16952 50
16952 55
16952 78
16952 101
16952 110
16952 132
16923 1
16923 126
16923 175
16923 187
16923 198
16923 230
16923 237
16923 295
16923 305
16923 329
16890 15
16890 16
16890 22
16890 72
16890 84
16890 86
16890 97
16890 104
16890 159
17380 4
17380 12
17380 14
17380 17
17380 25
17380 27
17380 30
17380 34
17380 41
17380 44
16890 20
16890 31
16890 50
16890 54
16890 71
16890 73
16890 96
16890 150
16890 176
17149 6
17149 10
17149 41
17149 47
17149 50
17149 51
17352 0
17352 14
17352 61
17352 183
17352 190
17352 232
17352 246
17352 261
17352 298
17034 35
17034 48
17034 136
17034 164
17034 188
17034 191
17034 193
17034 197
17034 208
17034 213
17097 4
17097 5
17097 7
17097 12
17097 13
17097 15
17097 19
17097 21
17097 23
17097 24
16889 2
16889 58
16889 60
16889 77
16889 86
16889 149
16889 158
16889 188
16889 191
16889 219
17111 0
17111 44
17111 84
17111 94
17111 126
17111 155
17111 197
16889 12
16889 23
16889 57
16889 67
16889 147
16889 172
16889 227
16889 257
16889 271
16889 276
16890 0
16890 30
16890 36
16890 37
16890 51
16890 68
16890 106
16890 129
16890 155
16890 163
17034 10
17034 20
17034 36
17034 40
17034 47
17034 76
17034 140
17034 187
17034 257
17034 264
16889 30
16889 89
16889 101
16889 148
16889 173
16889 179
16889 183
16889 226
16889 261
16889 270
17251 19
17251 27
17251 121
17251 150
17251 197
17251 203
17251 206
16978 51
16978 117
16978 238
16978 256
16978 348
16978 440
16978 448
16978 484
16978 494
16952 23
16952 30
16952 37
16952 53
16952 57
16952 59
16952 63
16952 84
16952 106
16952 127
16963 5
16963 78
16963 79
16963 101
16963 112
16963 126
16963 156
16963 198
16963 243
16963 262
16925 3
16925 21
16925 55
16925 81
16925 86
16925 91
16925 98
16925 103
16925 126
17382 2
17382 5
17382 15
17382 18
17382 19
17382 20
17382 21
17382 24
17382 29
17382 30
16889 10
16889 17
16889 55
16889 79
16889 83
16889 93
16889 106
16889 126
16889 145
16889 273
16889 6
16889 28
16889 32
16889 84
16889 88
16889 127
16889 176
16889 237
16889 238
17231 2
17231 4
17231 6
17231 23
17231 30
17231 35
17231 43
17231 75
17231 86
17231 91
16889 15
16889 26
16889 27
16889 50
16889 51
16889 59
16889 94
16889 180
16889 210
16889 229
16919 82
16919 173
16919 174
16919 175
16919 361
16919 490
16919 509
16919 525
16919 535
16923 22
16923 29
16923 38
16923 132
16923 199
16923 210
16923 239
16923 256
16925 23
16925 65
16925 84
16925 109
16925 113
16925 120
16925 139
16890 12
16890 27
16890 28
16890 33
16890 56
16890 66
16890 100
16890 133
16890 137
17204 103
17204 178
17204 186
17204 198
17204 199
17204 217
17435 1
17435 22
17435 27
17435 34
17435 36
17435 44
17435 45
17435 52
17435 54
16925 2
16925 63
16925 64
16925 76
16925 108
16925 114
16925 123
16925 138
16925 141
16925 142
17070 7
17070 11
17070 42
17070 98
17070 113
17070 208
17070 228
17070 259
17070 266
17070 284
17034 87
17034 105
17034 135
17034 143
17034 156
17034 161
17034 194
17034 201
17034 225
17034 280
16923 5
16923 69
16923 80
16923 92
16923 107
16923 217
16923 253
16923 325
16923 335
16923 31
16923 49
16923 86
16923 98
16923 191
16923 244
16923 248
16923 300
16923 339
16923 341
17035 8
17035 17
17035 19
17035 21
17035 23
17035 24
17035 25
17035 33
17035 35
17035 36
16889 11
16889 18
16889 42
16889 63
16889 66
16889 73
16889 164
16889 189
16889 212
16889 278
17034 11
17034 62
17034 66
17034 81
17034 82
17034 171
17034 181
17034 214
17034 247
17034 263
17150 4
17150 10
17150 19
17150 30
17150 32
17150 48
17150 50
17150 57
16955 0
16955 7
16955 33
16955 65
16955 67
16955 73
16955 76
16955 80
16955 89
16955 94
16923 36
16923 164
16923 203
16923 249
16923 287
16923 292
16923 299
16923 304
16923 58
16923 194
16923 220
16923 258
16923 266
16923 294
16923 331
16923 333
16923 2
16923 103
16923 116
16923 234
16923 242
16923 262
16923 263
16923 352
17352 15
17352 24
17352 43
17352 74
17352 171
17352 219
17352 228
17352 276
17352 292
17352 315
17517 224
17517 239
17301 20
17301 32
17301 37
17301 111
17301 126
17301 128
17301 138
17034 7
17034 9
17034 12
17034 53
17034 118
17034 174
17034 185
17034 192
17034 256
17034 268
16925 18
16925 37
16925 60
16925 61
16925 62
16925 82
16925 93
16925 97
16925 119
16925 137
17177 0
17177 13
17177 20
17177 29
17177 31
17177 35
17177 51
17177 56
17177 60
17177 61
16890 21
16890 26
16890 92
16890 101
16890 109
16890 120
16890 128
16890 139
16890 181
16890 199
17353 12
17353 13
17353 16
17353 21
17353 23
17353 24
17353 27
17353 35
17353 40
17001 1
17001 56
17001 69
16925 29
16925 32
16925 53
16925 59
16925 104
16925 107
16925 110
16925 132
16925 133
16925 140
17070 38
17070 88
17070 121
17070 122
17070 140
17070 141
17070 143
17070 150
17070 158
17070 175
16898 1
16898 2
16898 5
16898 8
16898 10
16898 13
16898 18
16898 21
16898 26
16898 27
16923 47
16923 56
16923 110
16923 184
16923 205
16923 221
16923 259
16923 269
17034 26
17034 28
17034 31
17034 80
17034 93
17034 212
17034 240
17034 258
17034 274
17034 281
16923 24
16923 51
16923 109
16923 117
16923 222
16923 224
16923 243
16923 328
17352 23
17352 39
17352 51
17352 143
17352 147
17352 191
17352 200
17352 227
17352 310
17352 324
16925 24
16925 26
16925 34
16925 40
16925 47
16925 50
16925 90
16925 106
16925 118
16925 127
17204 129
17204 219
16952 5
16952 13
16952 36
16952 58
16952 64
16952 73
16952 95
16952 99
16952 114
16952 122
16889 8
16889 40
16889 46
16889 115
16889 154
16889 197
16889 205
16889 213
16889 225
16889 274
17409 7
17409 9
17409 16
17409 46
17409 62
17409 65
17409 79
17409 85
17409 89
16923 21
16923 64
16923 85
16923 123
16923 150
16923 215
16923 236
16923 252
16923 271
17380 3
17380 22
17380 29
17380 31
17380 32
17380 35
17380 43
17380 49
17380 51
17380 52
16890 3
16890 29
16890 59
16890 62
16890 119
16890 131
16890 143
16890 144
16890 188
17447 20
17447 24
17447 26
17447 37
17447 45
17447 68
17447 88
17447 90
17447 98
17447 133
17301 12
17301 24
17301 46
17301 64
17301 77
17301 83
17301 103
17301 125
17301 134
17001 5
17001 40
17001 61
16925 17
16925 22
16925 27
16925 45
16925 57
16925 72
16925 83
16925 128
16925 134
16925 136
17098 10
17098 11
17098 25
17098 31
17098 36
17098 57
17098 84
17098 117
17098 119
17098 136
16923 106
16923 181
16923 264
16923 334
16923 342
16923 353
16890 9
16890 17
16890 87
16890 95
16890 125
16890 132
16890 145
16890 170
16890 184
16890 195
17150 2
17150 3
17150 8
17150 15
17150 20
17150 23
17150 28
17150 31
17150 39
17150 42
16923 19
16923 121
16923 180
16923 265
16923 276
16923 278
16923 315
16923 321
16923 336
17478 11
17478 22
17478 25
17478 28
17478 49
17478 83
17478 85
17478 98
16923 62
16923 105
16923 134
16923 169
16923 227
16923 255
16923 298
16923 311
16923 318
17313 34
17313 37
17313 67
17313 89
17313 117
17313 163
17313 170
17313 184
17313 218
17313 233
17352 20
17352 98
17352 122
17352 125
17352 134
17352 165
17352 177
17352 178
17352 206
17352 243
17231 11
17231 22
17231 37
17231 40
17231 42
17231 57
17231 59
17231 60
17231 90
16919 11
16919 20
16919 166
16919 220
16919 242
16919 314
16919 342
16919 421
16919 448
16919 500
17514 10
17514 15
17514 17
17514 19
17514 23
17514 26
17514 97
17514 104
16955 2
16955 13
16955 38
16955 48
16955 56
16955 60
16955 77
16955 87
16955 91
16955 93
17005 20
17005 50
17005 79
17005 83
17005 101
17005 120
17005 153
16996 2
16996 4
16996 14
16996 15
16996 21
16996 22
16996 39
16996 44
16996 45
16996 54
16923 23
16923 52
16923 87
16923 171
16923 233
16923 238
16923 240
16923 272
16923 282
16923 313
17338 8
17338 12
17338 21
17338 23
17338 35
17338 48
17338 52
17338 62
17338 94
17338 111
17204 115
17204 117
17204 132
17204 145
17204 169
17204 208
17231 5
17231 9
17231 19
17231 20
17231 27
17231 62
17231 83
17231 88
17231 96
17231 97
16889 0
16889 44
16889 56
16889 71
16889 144
16889 155
16889 177
16889 178
16889 200
16889 235
16889 37
16889 49
16889 91
16889 108
16889 142
16889 162
16889 174
16889 184
16889 208
16889 215
17492 13
17492 21
17492 32
17492 44
17492 73
17492 89
16955 1
16955 3
16955 14
16955 17
16955 30
16955 41
16955 75
16955 79
16955 83
16955 85
17098 27
17098 43
17098 47
17098 58
17098 64
17098 79
17098 93
17098 100
17098 101
17098 121
17231 3
17231 8
17231 13
17231 24
17231 39
17231 49
17231 63
17231 72
17231 76
17231 89
17177 2
17177 5
17177 7
17177 8
17177 9
17177 16
17177 18
17177 24
17177 27
17177 74
17325 3
17325 9
17325 13
17325 14
17325 25
17325 33
17325 49
17325 52
17325 55
17325 57
17177 1
17177 10
17177 23
17177 26
17177 30
17177 39
17177 59
17177 64
17177 67
17177 70
17352 66
17352 70
17352 90
17352 133
17352 167
17352 172
17352 208
17352 250
17352 325
17382 0
17382 1
17382 11
17382 14
17382 22
17382 31
16952 6
16952 8
16952 34
16952 71
16952 79
16952 86
16952 104
16952 112
16952 126
17462 0
17462 3
17462 7
17462 10
17462 11
17462 16
17462 21
17462 23
16923 68
16923 81
16923 159
16923 179
16923 247
16923 254
16923 308
16923 330
16923 338
17517 305
16889 13
16889 47
16889 78
16889 82
16889 133
16889 138
16889 152
16889 202
16889 204
16889 206
17034 41
17034 50
17034 60
17034 78
17034 90
17034 100
17034 111
17034 125
17034 186
17034 289
16925 6
16925 16
16925 43
16925 44
16925 68
16925 69
16925 74
16925 124
17070 16
17070 29
17070 54
17070 60
17070 80
17070 91
17070 126
17070 265
17070 276
17070 285
17258 9
17258 16
17258 17
17258 18
17258 30
17258 33
17258 34
16889 22
16889 43
16889 54
16889 72
16889 92
16889 131
16889 175
16889 198
16889 224
16889 239
17070 8
17070 28
17070 33
17070 73
17070 112
17070 157
17070 261
17070 278
17070 289
16890 7
16890 85
16890 103
16890 113
16890 126
16890 160
16890 165
16890 185
16890 189
16890 190
17034 13
17034 88
17034 103
17034 152
17034 157
17034 199
17034 248
17034 265
17034 291
17070 35
17070 46
17070 53
17070 130
17070 134
17070 186
17070 190
17070 218
17070 257
17070 283
17124 0
17124 6
17124 8
17124 65
17124 66
17124 71
17124 72
16955 6
16955 10
16955 11
16955 15
16955 22
16955 28
16955 39
16955 62
16955 63
16955 66
16890 55
16890 57
16890 93
16890 112
16890 141
16890 178
16890 180
16890 34
16890 44
16890 91
16890 122
16890 158
16890 191
16890 196
16890 198
17001 4
17001 28
17001 31
17001 41
17001 49
17001 50
17001 66
16923 3
16923 43
16923 83
16923 119
16923 173
16923 185
16923 192
16923 289
17231 26
17231 48
17231 51
17231 67
17231 68
17231 69
17231 77
17231 81
17231 84
17231 94
17301 19
17301 26
17301 33
17301 45
17301 84
17301 88
17301 92
17301 109
17301 132
17301 137
17386 7
17386 11
17386 12
17386 25
17386 26
17386 28
17386 34
17386 38
17386 39
17386 42
16925 14
16925 19
16925 42
16925 85
16925 89
16925 115
16925 121
16925 131
16925 135
17034 4
17034 52
17034 59
17034 77
17034 89
17034 101
17034 211
17034 259
17034 299
17382 3
17382 4
17382 6
17382 7
17382 9
17382 16
17382 26
17382 32
17070 78
17070 102
17070 142
17070 153
17070 260
17070 267
17070 271
17070 275
17070 291
17124 4
17124 14
17124 15
17124 32
17124 34
17124 54
17124 64
17124 67
17124 70
17124 73
17517 43
17517 69
17517 204
17517 216
17517 219
17517 260
17517 266
17072 6
17072 7
17072 10
17072 11
17072 12
17072 13
17072 17
17072 19
17072 20
17072 22
17324 32
17324 34
17324 39
17324 67
17324 76
17324 84
17324 95
17324 96
17324 107
17324 111
16923 45
16923 59
16923 162
16923 166
16923 182
16923 209
16923 257
16923 306
16923 326
17514 11
17514 54
16890 14
16890 32
16890 40
16890 41
16890 49
16890 76
16890 89
16890 108
16890 172
17098 22
17098 49
17098 52
17098 61
17098 73
17098 91
17098 96
17098 111
17098 137
17124 5
17124 16
17124 18
17124 21
17124 24
17124 28
17124 41
17124 53
17124 63
17124 69
16952 26
16889 20
16889 33
16889 36
16889 41
16889 117
16889 123
16889 124
16889 160
16889 187
16889 218
17070 63
17070 68
17070 195
17070 244
17070 264
17070 279
17001 7
17001 24
17001 44
17001 55
17001 63
17125 16
17125 43
17125 49
17125 61
17125 75
17125 102
17125 114
17125 121
17125 123
17125 126
17035 5
17035 6
17035 7
17035 9
17035 14
17035 26
17035 27
17035 31
17035 34
17258 3
17258 5
17258 7
17258 10
17258 21
17258 25
17258 27
17258 28
17258 35
17001 8
17001 22
17001 36
17001 37
17001 43
17001 65
17435 4
17435 16
17435 29
17435 32
17435 62
17435 63
17435 64
17125 45
17125 50
17125 51
17125 54
17125 59
17125 71
17125 86
17125 90
17125 120
17125 122
16923 34
16923 89
16923 96
16923 130
16923 165
16923 251
16923 279
16923 302
16923 344
17034 14
17034 126
17034 129
17034 131
17034 167
17034 189
17034 206
17034 243
17034 269
17034 282
16923 55
16923 90
16923 97
16923 101
16923 189
16923 200
16923 267
16923 314
16923 324
16923 6
16923 9
16923 88
16923 186
16923 211
16923 228
16923 316
16923 323
17204 131
17204 150
17204 176
17204 205
17204 209
17098 2
17098 17
17098 18
17098 24
17098 35
17098 68
17098 75
17098 82
17098 113
17098 127
17034 33
17034 75
17034 96
17034 113
17034 179
17034 180
17034 182
17034 207
17034 295
16889 53
16889 64
16889 99
16889 112
16889 146
16889 165
16889 211
16889 220
16889 263
16889 285
17514 6
17514 8
17514 12
17514 53
17514 55
17514 63
17514 78
17514 81
17514 105
17239 17
17239 38
17239 215
17239 235
17239 249
17239 254
17239 304
17239 305
16952 29
16952 54
16952 74
16952 88
16952 108
16952 116
16952 123
16952 124
16952 125
16923 12
16923 15
16923 25
16923 26
16923 39
16923 172
16923 206
16923 285
16923 290
16923 291
16952 18
16952 62
16952 70
16952 89
16952 107
16952 109
16952 111
16952 113
16952 120
16890 1
16890 13
16890 94
16890 135
16890 142
16890 168
16890 171
16890 177
16923 17
16923 63
16923 93
16923 120
16923 193
16923 212
17255 7
17255 8
17255 11
17255 12
17255 23
17255 26
17255 36
17255 37
17255 39
16996 1
16996 6
16996 10
16996 18
16996 28
16996 43
16996 55
17210 19
17210 43
17210 60
17210 63
17210 108
17210 154
17210 160
17210 184
17210 234
17210 248
17149 4
17149 7
17149 8
17149 9
17149 55
16952 3
16952 10
16952 27
16952 42
16952 43
16952 61
16952 80
16952 93
16952 102
16952 119
17231 17
17231 25
17231 29
17231 31
17231 38
17231 44
17231 55
17231 65
17231 78
17231 93
17325 1
17325 2
17325 11
17325 18
17325 21
17325 27
17325 32
17325 41
17325 45
17325 46
16925 4
16925 15
16925 48
16925 54
16925 73
16925 94
16925 100
16925 101
16925 111
16925 122
16929 12
16929 37
16929 47
16929 54
16929 71
16929 74
16929 90
16929 96
16929 117
16923 16
16923 42
16923 44
16923 53
16923 118
16923 157
16923 183
16923 188
16923 190
17325 0
17325 12
17325 15
17325 23
17325 24
17325 50
17325 54
17325 56
17259 0
17259 5
17259 11
17259 12
17259 13
17259 14
17259 17
17259 24
17259 26
17259 28
16889 3
16889 45
16889 74
16889 75
16889 102
16889 129
16889 141
16889 233
16889 244
16889 246
17070 12
17070 13
17070 56
17070 58
17070 71
17070 106
17070 135
17070 221
17070 238
17070 269
16889 96
16889 132
16889 181
16889 207
16889 254
16889 255
16889 259
16889 260
16889 262
16889 275
16996 3
16996 5
16996 7
16996 11
16996 19
16996 32
16996 36
16996 46
16996 52
17204 149
17204 222
17034 15
17034 18
17034 23
17034 24
17034 65
17034 74
17034 172
17034 176
17034 275
17034 279
17177 37
17177 44
17177 48
17177 53
17177 62
17177 66
17177 68
17177 72
17177 78
17177 79
16889 14
16889 24
16889 97
16889 109
16889 110
16889 125
16889 203
16889 222
16889 247
16889 281
16952 0
16952 7
16952 28
16952 39
16952 75
16952 87
16952 115
16952 133
16890 2
16890 23
16890 58
16890 61
16890 98
16890 116
16890 140
16890 151
16890 187
16890 194
17229 4
17229 6
17229 17
17229 23
17229 24
17229 28
17149 42
17149 46
17149 49
17149 54
17175 2
17175 3
17175 4
17175 5
17175 7
17175 10
17175 12
17149 43
17149 53
17204 126
17204 213
17204 216
17204 223
17149 5
17149 44
17149 45
17149 48
17352 2
17352 34
17352 114
17352 137
17352 160
17352 168
17352 176
17352 187
17352 211
17352 299
17035 0
17035 3
17035 18
17035 20
17035 22
17035 29
17035 30
17035 32
17035 37
16923 27
16923 28
16923 50
16923 102
16923 149
16923 235
16923 246
16923 273
16923 275
16923 0
16923 11
16923 41
16923 46
16923 66
16923 84
16923 125
16923 223
16923 260
16923 337
17231 12
17231 14
17231 34
17231 41
17231 46
17231 54
17231 61
17231 64
17231 66
17231 71
16923 13
16923 67
16923 104
16923 195
16923 202
16923 207
16923 270
16923 301
16923 332
16923 343
17325 5
17325 7
17325 10
17325 16
17325 17
17325 19
17325 26
17325 34
17325 38
17325 42
16955 18
16955 24
16955 42
16955 49
16955 55
16955 69
16955 81
16955 86
16955 96
16889 38
16889 111
16889 128
16889 170
16889 221
16889 242
16889 252
16889 268
16889 272
16889 284
17177 3
17177 4
17177 25
17177 28
17177 32
17177 36
17177 41
17177 49
17177 52
17177 58
17434 6
17434 11
17434 26
17434 27
17434 31
17434 34
17434 35
17434 40
17434 53
17434 54
16889 48
16889 100
16889 107
16889 130
16889 136
16889 166
16889 171
16889 201
16889 223
16889 243
16946 28
16946 32
16946 39
16946 75
16946 85
16946 92
16946 135
16946 216
16946 217
16946 228
17204 120
17204 122
17204 152
17204 214
17204 226
17204 227
17258 2
17258 4
17258 6
17258 11
17258 14
17258 15
17258 20
17258 22
17258 23
17258 32
17034 27
17034 46
17034 61
17034 128
17034 138
17034 158
17034 175
17034 251
17034 271
17034 294
17125 21
17125 28
17125 36
17125 37
17125 46
17125 57
17125 82
17125 89
17125 93
17125 109
17325 6
17325 8
17325 22
17325 29
17325 35
17325 36
17325 37
17325 40
17325 43
17325 53
17098 41
17098 45
17098 48
17098 60
17098 63
17098 89
17098 118
17352 52
17352 95
17352 100
17352 127
17352 210
17352 262
17352 269
17352 303
17352 314
17352 329
16923 37
16923 94
16923 95
16923 122
16923 124
16923 176
16923 261
16923 268
16923 281
17492 7
17492 15
17492 18
17492 30
17492 36
17492 42
17492 60
17034 0
17034 19
17034 32
17034 34
17034 67
17034 91
17034 163
17034 236
17034 253
17034 303
16952 1
16952 4
16952 15
16952 19
16952 21
16952 38
16952 66
16952 94
16952 96
16935 4
16935 87
16935 100
16935 166
16935 178
16935 181
16935 195
16935 292
16935 368
17281 5
17281 13
17281 25
17281 31
17281 32
17281 38
17281 47
17281 50
17380 13
17380 18
17380 21
17380 36
17380 39
17380 42
17380 46
17380 50
17380 53
17380 56
17231 0
17231 1
17231 33
17231 47
17231 50
17231 70
17231 85
17231 87
17125 4
17125 9
17125 27
17125 30
17125 34
17125 35
17125 42
17125 69
17125 113
17495 24
17495 27
17495 46
17495 119
17495 219
17495 234
17229 2
17229 7
17229 16
17229 19
17229 20
17229 21
17229 27
17229 31
17229 32
17229 33
17495 162
17324 6
17324 11
17324 31
17324 33
17324 38
17324 48
17324 53
17324 68
17324 99
17324 108
17098 1
17098 21
17098 26
17098 37
17098 53
17098 74
17098 76
17098 97
17098 99
17098 129
17379 0
17379 2
17379 4
17379 5
17379 6
17379 11
17379 17
17379 21
17379 31
17379 34
17124 1
17124 10
17124 22
17124 27
17124 35
17124 37
17124 40
17124 44
17124 60
17124 62
17204 144
17204 163
17204 225
17380 1
17380 9
17380 19
17380 20
17380 28
17380 40
17380 54
17034 39
17034 73
17034 92
17034 122
17034 155
17034 184
17034 224
17034 250
17034 283
17034 300
17204 106
17204 135
17204 140
17204 143
17204 185
17231 7
17231 18
17231 28
17231 32
17231 52
17231 73
17231 79
17231 92
17231 95
17098 12
17098 19
17098 23
17098 32
17098 65
17098 71
17098 77
17098 98
17098 110
17204 168
17204 191
17204 192
17204 207
17204 220
17070 22
17070 27
17070 32
17070 81
17070 144
17070 180
17070 184
17070 191
17070 193
17070 250
17514 52
17514 84
17514 7
17514 47
17514 82
17149 2
17149 3
17149 40
17149 52
17072 1
17072 2
17072 8
17072 9
17072 15
17072 16
17324 3
17324 23
17324 62
17324 64
17324 65
17324 72
17324 73
17324 82
17324 88
17324 114
16994 15
16994 17
16994 71
16994 100
16994 156
16994 161
16994 207
16994 222
16955 9
16955 19
16955 20
16955 25
16955 50
16955 70
16955 88
16955 95
17409 11
17409 19
17409 38
17409 42
17409 43
17409 49
17409 66
17409 86
17070 31
17070 39
17070 45
17070 181
17070 226
17070 227
17070 230
17070 247
17070 277
17070 288
17001 6
17001 25
17001 29
17001 39
17001 45
17001 46
17001 67
16923 57
16923 79
16923 99
16923 115
16923 135
16923 208
16923 218
16923 226
17068 1
17068 3
17068 8
17068 9
17068 13
17068 24
17068 30
17068 31
17068 34
17352 10
17352 11
17352 69
17352 247
17352 302
17352 313
17352 331
17034 58
17034 98
17034 106
17034 134
17034 147
17034 150
17034 173
17034 203
17034 242
17034 254
16955 4
16955 8
16955 23
16955 32
16955 51
16955 53
16955 61
16955 68
16955 74
17072 0
17072 3
17072 4
17072 5
17072 14
17072 18
17072 21
17072 23
17072 24
17072 25
17098 16
17098 33
17098 40
17098 87
17098 106
17098 107
17098 114
17098 120
17034 42
17034 49
17034 114
17034 121
17034 149
17034 204
17034 220
17034 237
17034 245
17034 288
16923 10
16923 20
16923 35
16923 131
16923 213
16923 284
16923 296
16923 319
17097 0
17097 1
17097 2
17097 3
17097 8
17097 9
17097 10
17097 16
17097 17
17097 18
17098 4
17098 29
17098 50
17098 66
17098 90
17098 94
17098 134
17001 0
17001 27
17001 34
17001 42
17001 52
17001 62
17001 68
17098 8
17098 20
17098 42
17098 59
17098 67
17098 83
17098 88
17098 132
17098 133
17098 138
17034 1
17034 3
17034 29
17034 104
17034 117
17034 153
17034 231
17034 238
17034 262
17034 277
16889 9
16889 31
16889 65
16889 81
16889 114
16889 192
16889 214
16889 245
16889 253
16889 256
17098 5
17098 14
17098 15
17098 78
17098 103
17098 104
17098 108
17098 122
17462 24
16952 12
16952 16
16952 22
16952 65
16952 81
16952 97
16952 105
16952 121
17035 1
17035 2
17035 4
17035 10
17035 11
17035 12
17035 13
17035 15
17035 16
17035 28
17124 3
17124 30
17124 42
17124 50
17124 51
17124 57
17124 59
17124 68
17124 74
17124 76
17150 6
17150 7
17150 17
17150 18
17150 25
17150 36
17150 37
17150 38
17150 49
17150 55
17229 0
17229 1
17229 3
17229 8
17229 13
17229 15
17229 18
17229 25
17229 29
17382 8
17382 10
17382 12
17382 13
17382 17
17382 23
17382 25
17382 27
17382 28
17125 6
17125 7
17125 29
17125 39
17125 70
17125 72
17125 88
17125 94
17125 110
17034 38
17034 68
17034 95
17034 183
17034 215
17034 228
17034 261
17034 266
17034 287
17034 302
17159 0
17159 3
17159 4
17159 8
17159 9
17159 11
17159 24
17159 26
17159 36
17159 43
17034 16
17034 44
17034 64
17034 116
17034 139
17034 217
17034 221
17034 260
17034 278
17034 301
17177 12
17177 14
17177 21
17177 38
17177 50
17177 55
17177 57
17177 65
17177 71
17177 76
17301 27
17301 30
17301 50
17301 57
17301 79
17301 87
17301 90
17301 93
17301 107
17301 122
16890 5
16890 25
16890 60
16890 83
16890 107
16890 123
16890 124
16890 154
16890 167
16890 197
16889 25
16889 68
16889 113
16889 135
16889 137
16889 140
16889 265
16889 277
16889 283
16889 288
17259 1
17259 6
17259 15
17259 18
17259 19
17259 20
17259 21
17259 22
17259 23
17259 27
16889 16
16889 52
16889 80
16889 85
16889 116
16889 151
16889 182
16889 209
16889 217
16889 249
17380 2
17380 6
17380 7
17380 11
17380 15
17380 23
17380 26
17380 33
17380 37
17302 15
17302 24
17302 35
17302 44
17302 47
17302 67
17302 71
17302 90
17302 99
17302 102
17034 55
17034 79
17034 127
17034 145
17034 159
17034 205
17034 234
17034 249
16889 119
16889 139
16889 143
16889 156
16889 157
16889 195
16889 196
16889 231
16889 241
17353 0
17353 3
17353 8
17353 22
17353 33
17353 34
17353 36
17353 38
17353 41
17034 2
17034 5
17034 22
17034 25
17034 37
17034 123
17034 141
17034 148
17034 178
16925 25
16925 28
16925 35
16925 49
16925 77
16925 78
16925 92
16925 96
16925 102
16889 1
16889 87
16889 161
16889 168
16889 185
16889 193
16889 216
16889 240
16889 264
16889 286
17409 1
17409 5
17409 13
17409 21
17409 30
17409 41
17409 51
17409 69
17409 74
17409 75
17177 17
17177 19
17177 22
17177 34
17177 46
17177 63
17177 69
17177 73
17177 75
17177 77
17204 170
17204 174
17204 224
17204 229
16890 67
16890 70
16890 74
16890 102
16890 111
16890 121
16890 127
16890 136
16890 146
16890 161
17415 10
17415 14
17415 60
17415 92
17415 132
17415 156
17420 1
17420 2
17420 7
17420 9
17420 13
17420 18
17420 19
17238 6
17238 8
17238 11
17238 20
17238 28
17238 34
17238 37
17238 42
17238 45
17034 30
17034 70
17034 84
17034 94
17034 132
17034 142
17034 160
17034 246
17034 255
17034 297
17514 13
17514 29
17514 34
17514 35
17514 42
17034 54
17034 56
17034 72
17034 97
17034 108
17034 119
17034 154
17034 219
17034 286
17409 20
17409 29
17409 37
17409 56
17409 60
17409 63
17409 64
17409 70
17409 88
17324 0
17324 7
17324 13
17324 17
17324 57
17324 74
17324 78
17324 91
17324 101
17324 110
16952 40
16952 60
16952 72
16952 77
16952 85
16952 90
16952 92
16952 118
16952 128
17204 121
17204 124
17204 157
17204 175
17204 197
17204 202
17204 215
17258 0
17258 1
17258 8
17258 12
17258 13
17258 19
17258 24
17258 26
17258 29
17258 31
17070 48
17070 57
17070 59
17070 95
17070 136
17070 168
17070 211
17070 262
17070 273
17070 293
16889 62
16889 70
16889 90
16889 95
16889 121
16889 159
16889 169
16889 230
16889 266
16889 7
16889 35
16889 61
16889 98
16889 118
16889 122
16889 167
16889 194
16889 248
16889 250
16923 163
16923 178
16923 196
16923 204
16923 216
16923 229
16923 241
16923 277
16923 293
17124 7
17124 12
17124 13
17124 31
17124 43
17124 45
17124 48
17124 55
17124 58
17124 61
17229 5
17229 9
17229 11
17229 12
17229 14
17229 22
17229 26
17229 30
17259 2
17259 3
17259 4
17259 7
17259 8
17259 9
17259 10
17259 16
17259 25
17070 5
17070 55
17070 87
17070 199
17070 222
17070 243
17070 274
17070 281
17070 290
17132 58
17132 193
17132 294
17132 319
17132 466
17132 504
17132 529
17132 534
17132 541
16890 6
16890 19
16890 47
16890 75
16890 80
16890 88
16890 134
16890 148
16890 149
16890 173
16996 12
16996 16
16996 23
16996 25
16996 27
16996 29
16996 30
16996 33
16996 35
16996 40
16923 33
16923 108
16923 170
16923 177
16923 231
16923 232
16923 307
16923 322
16923 340
17325 4
17325 20
17325 28
17325 30
17325 31
17325 39
17325 44
17325 47
17325 48
17325 51
16916 14
16916 50
16916 75
16916 77
16916 86
16916 110
16916 111
16916 115
16916 170
16916 182
17409 6
17409 10
17409 12
17409 24
17409 26
17409 32
17409 36
17409 57
17409 71
17409 72
17034 8
17034 57
17034 63
17034 83
17034 133
17034 162
17034 177
17034 216
17034 222
17034 244
