run subrun
17269 19
17269 32
17269 42
17327 70
17327 74
17327 76
17327 78
17327 89
17327 124
17482 167
17482 200
17482 210
17482 215
17482 216
17547 0
17547 3
16951 117
16951 119
17044 37
17458 108
17458 158
17458 166
17458 169
17206 120
17316 57
17316 58
17316 105
17205 148
17316 19
17316 112
17316 113
17287 140
17287 153
17287 158
17152 67
17152 68
17152 73
17152 77
17152 90
17152 103
17152 107
17152 111
17152 129
16891 117
16891 162
16891 167
17169 9
17169 42
17169 52
17169 56
17242 12
17242 16
17242 17
17242 22
17242 28
17242 38
17242 42
17242 52
17242 75
17242 81
17552 7
17237 119
17349 45
16888 147
16978 197
17400 77
16978 3
16978 91
16978 120
16978 127
16978 174
16978 219
16978 231
16978 259
16978 385
16978 413
17013 6
17013 9
17013 15
17013 17
17013 24
17013 37
17013 39
17013 41
17013 58
17013 59
16994 227
17023 94
17023 153
17023 192
17023 195
17023 218
17240 390
17240 411
17240 412
17240 441
17240 448
17240 494
17398 51
17398 195
17398 197
17398 204
17164 8
17164 81
17164 106
17328 43
17328 52
16965 291
16965 306
16976 74
16976 76
17005 206
17005 208
17005 241
17005 256
17005 275
16979 70
17206 113
17459 3
16935 24
16935 32
16919 341
17076 0
17076 1
17076 2
17076 8
16919 103
17489 123
17413 109
17541 0
17541 49
17039 30
17168 67
17168 93
17168 120
17168 123
17138 46
17168 73
17168 85
17168 88
17168 108
17251 55
17251 70
17251 186
17269 17
17269 27
17269 38
17482 208
17482 218
17482 226
17482 231
17482 237
17250 59
17206 117
16893 2
16893 3
16893 17
16893 19
16893 33
16893 46
16893 66
16893 86
16893 112
17206 38
17037 12
17566 119
17566 124
17566 125
17566 156
17566 186
17566 189
17566 202
17566 204
17566 221
17506 3
16891 82
16891 107
16891 118
16891 131
16891 247
17023 17
17023 39
17023 49
17023 151
17004 0
17004 30
17155 4
17155 20
17155 41
17155 127
17155 154
17155 156
17155 158
16992 10
16992 25
16992 33
16992 47
17120 20
17120 22
17120 51
17120 67
17120 69
17120 76
17120 85
17120 93
17120 103
17120 104
17458 163
17331 20
17373 66
17528 8
16919 35
16909 63
16909 165
17198 97
17198 98
17206 36
17206 141
17131 114
17131 120
17131 140
17131 152
17131 153
17131 226
17131 229
17494 53
17401 134
17401 138
16894 5
17087 5
17087 36
17087 42
17087 79
17213 55
16950 87
17041 65
16893 13
16893 29
16893 56
16893 57
16893 63
16893 73
17418 22
16994 115
17146 62
17019 4
17019 11
17019 14
17019 32
17019 51
17019 54
17019 65
17019 71
17019 93
17019 96
17132 154
17132 157
17373 77
16926 86
16926 89
16926 189
16926 218
16926 72
16926 229
16970 102
17132 108
16986 69
17561 119
17414 100
17414 191
17496 1
17496 14
17496 25
17496 29
17496 31
17496 34
17496 40
17496 44
17249 5
17249 8
16919 36
16919 452
17053 3
17053 10
17053 20
17053 25
17053 27
17053 41
17053 52
17053 54
17053 94
17053 99
17111 175
17005 215
17005 228
17005 251
17005 258
16935 62
16926 137
16926 154
16926 195
16926 196
16926 212
17132 68
17132 158
17415 233
17415 256
17415 281
17415 287
17398 200
16949 494
17451 97
17383 37
17383 88
17383 338
16944 165
17132 234
17132 430
17152 76
17152 78
17152 105
17152 109
17152 117
17152 121
17152 139
17265 161
17132 63
17132 156
17132 165
17557 103
17280 62
17316 60
17316 65
17316 98
17316 107
17316 108
17186 40
17361 184
17361 326
17361 341
16951 120
17452 21
17075 157
17407 186
17030 97
17497 28
17269 29
17269 46
17269 168
17131 111
17131 176
17131 194
16919 40
17496 0
17496 2
17496 10
17496 13
17496 22
17496 28
17496 41
17496 45
17496 46
17496 55
16949 236
16888 392
17005 171
17005 225
17005 260
17005 263
17005 292
16931 81
17055 55
17505 55
17383 90
17152 81
17152 97
17152 99
17152 100
17152 131
17316 24
17316 26
17316 69
16893 16
16893 27
16893 32
16893 37
16893 42
16893 44
16893 62
16893 69
16893 70
16893 82
17023 28
17023 58
17023 93
17023 103
17023 115
17023 133
17341 160
17169 34
16964 89
16962 19
16962 342
16962 344
16962 384
16962 387
16962 402
17249 2
17249 28
17206 97
17206 116
17406 146
16935 63
16949 122
17484 5
17484 12
17413 195
17522 51
17132 247
17132 428
17011 359
17011 368
17313 146
17155 26
17155 27
17155 36
17155 139
16919 31
17206 118
17482 181
17482 185
17482 194
17482 202
17099 5
16994 232
17120 30
17497 1
17497 11
17497 29
17029 193
17264 14
17087 34
17087 46
17087 52
17087 59
17087 130
17087 149
17169 30
17169 60
17164 4
17164 39
17164 45
17164 80
17413 204
17022 0
17022 1
17022 2
17022 6
17022 7
17022 8
17022 10
17022 11
16935 61
17361 98
16976 78
17169 3
17169 21
17169 31
16882 21
16882 22
16882 24
16882 25
16882 27
17458 34
17458 43
17524 134
17087 35
17087 148
17087 162
17322 39
17099 104
17139 46
16949 96
17010 7
17010 9
17010 28
17010 44
17010 63
17010 78
17495 269
17495 281
16935 22
16935 55
16935 89
17249 175
17398 211
17168 72
17168 84
17168 87
17168 109
17168 122
16926 173
16926 194
16926 197
16926 225
16976 69
17169 39
17169 44
17495 268
17495 272
16935 35
16935 58
16965 309
17559 25
17559 53
17559 63
17111 106
17045 68
16963 92
16896 31
16935 39
17139 228
17326 75
17128 117
17495 263
17213 51
17213 96
17249 17
17249 20
17249 207
17206 143
17206 488
17218 81
16970 103
17481 7
16962 274
17090 39
17383 125
17087 15
17087 40
17087 125
17087 373
17087 374
17240 422
17400 211
17169 7
17482 182
17482 219
17482 233
17458 36
17458 47
17458 104
17162 137
17162 163
17162 179
17100 65
17251 60
17251 85
17251 90
17334 67
17334 77
17334 85
17334 93
17110 55
17110 84
17250 34
17250 65
17250 116
17135 1
17237 154
17198 66
17198 69
17198 76
17198 79
17198 80
17198 85
17559 51
17559 65
17559 71
17168 77
17168 86
17168 94
17168 97
17005 209
17005 270
17005 287
17080 15
17309 132
17208 65
17208 199
17316 101
17316 115
17073 162
17237 121
17459 0
17053 5
17053 13
17053 31
17053 35
17053 38
17053 49
17053 56
17053 66
17053 79
17053 111
17193 74
17013 4
17013 11
17013 16
17013 20
17013 21
17013 28
17013 31
17013 32
17013 46
17013 56
17269 28
17269 31
17269 49
17356 185
17023 2
17023 11
17023 12
17023 91
17023 125
17023 132
17237 151
17156 38
17316 102
17178 31
17339 125
17339 250
17239 118
17002 1
17002 2
17002 4
17002 9
16937 12
16937 14
17460 56
17041 78
17041 119
17041 124
17053 12
17053 15
17053 19
17053 21
17053 30
17053 59
17053 60
17053 70
17053 74
17053 85
16912 13
17313 147
17199 17
17199 35
17199 46
17199 75
17199 86
17199 87
17199 90
17199 100
17199 114
17199 144
17482 172
17482 187
17482 201
17482 204
17237 115
16929 115
17240 474
16962 401
17123 9
17093 93
17369 9
17391 27
17283 52
17482 1
17482 152
17482 199
17482 214
17566 98
17566 99
17566 100
17566 105
17566 127
17566 131
17566 146
17566 160
17566 177
17566 219
17005 90
17005 221
17005 229
17162 121
17162 148
17162 154
17271 135
17013 3
17013 22
17013 27
17013 44
17013 51
17013 52
17013 57
17013 61
17210 28
17394 234
17087 20
17087 84
17087 96
17087 112
17087 181
17269 43
17269 61
16970 100
16970 104
17267 93
17245 1
17245 10
17245 13
17245 26
17245 29
17245 47
17245 72
17245 75
17245 76
17415 116
17415 207
17415 218
17415 240
16929 105
17111 105
17242 0
17242 18
17242 19
17242 29
17242 37
17242 45
17242 51
17242 61
17242 67
17242 71
16921 143
16993 37
16993 86
16993 91
17039 0
17039 99
17364 52
16893 8
16893 11
16893 12
16893 25
16893 47
16893 49
16893 53
16893 64
16893 65
16893 81
17245 2
17245 6
17245 21
17245 36
17245 37
17245 41
17245 53
17245 54
17245 59
17245 65
16970 105
16949 124
16949 128
16949 243
17122 52
17122 89
17415 113
17415 126
17415 152
17415 238
17415 248
17481 0
17481 6
16949 56
17080 17
17162 47
17162 129
17162 139
17162 166
17162 176
17540 0
17540 9
17540 11
17540 13
17540 18
17540 23
17540 31
16946 67
17126 43
17126 168
17397 99
17484 28
17432 7
17075 152
17164 7
17164 78
17164 112
17478 151
17169 48
17045 21
17209 47
17209 50
17173 17
17361 97
17053 22
17053 26
17053 62
17053 71
17053 91
17053 97
17053 101
17053 105
17053 113
17210 69
17484 52
17484 56
17356 14
17077 73
17475 129
17011 324
17011 370
17011 375
17451 98
17451 102
17451 114
17451 138
17451 204
17451 263
17451 291
17178 23
17178 30
17415 146
17415 189
17415 225
17415 237
17205 156
17334 80
17334 87
17047 6
17047 19
17047 20
17140 0
17287 143
17287 151
17509 40
17509 42
17168 63
17168 79
17168 92
17168 96
17168 117
16965 307
17331 19
17451 96
17169 51
17249 3
17041 99
17041 125
17078 35
17503 229
17011 373
17240 407
17240 479
17240 507
17171 27
16962 380
16962 388
16986 15
16986 25
16986 42
16986 47
16986 48
16986 55
16986 60
16986 94
16986 120
16986 151
17407 6
17566 94
17566 122
17566 151
17566 153
17566 154
17566 168
17566 182
17566 211
17566 218
16949 277
16994 120
17484 9
17484 19
17484 22
16891 105
16891 110
16891 146
16891 149
16891 198
16891 205
17333 99
17210 27
17287 150
16926 107
16926 177
16901 112
17460 55
16891 59
16891 148
16891 190
16891 203
16891 204
16891 210
16891 236
16891 252
17128 119
17128 142
17240 373
17240 483
17240 497
16994 96
17087 48
17087 90
17087 155
17087 177
17087 372
17169 15
17169 57
16949 58
17005 148
17005 216
17005 250
17005 259
17005 264
17168 68
17168 69
17168 102
17257 45
16964 331
16949 131
16962 383
16962 389
17135 61
17100 250
17249 176
16888 305
17056 16
17056 89
17240 17
17240 371
17240 487
17328 42
17328 55
17328 110
16929 107
17174 80
17415 157
17415 190
17415 194
17415 255
17415 274
17249 0
17249 1
16926 172
16926 199
16926 223
17497 3
17497 16
16978 373
17339 159
17339 290
17228 30
17328 44
17526 2
17526 11
17526 12
17526 13
17526 22
17526 30
17526 34
17526 36
16992 0
16992 2
16992 8
16992 16
16992 19
16992 22
16909 61
16926 104
16926 106
16926 206
17327 101
17327 116
17327 119
17168 70
17168 74
17169 2
17169 13
17169 23
17169 25
17169 36
17169 43
17484 11
17484 59
16949 57
16949 97
17114 50
17237 112
17484 6
17484 26
17484 31
17484 32
17484 35
17222 6
17222 7
17407 4
17010 23
17010 53
17010 74
17010 79
16948 6
16948 12
16948 21
16948 45
16948 55
16948 106
16948 111
16948 139
16948 141
16948 274
17036 183
17270 26
16978 29
17021 1
17021 2
17021 4
17021 5
17021 6
17021 7
17021 8
17021 9
17021 11
17199 13
17199 16
17199 24
17199 52
17199 67
17199 84
17199 85
17199 113
17199 120
17199 130
17217 120
17328 46
16978 104
17132 112
16932 45
17413 192
17413 201
17162 146
17162 171
17162 178
17327 69
17327 79
17327 122
17045 67
17332 21
17561 112
17334 53
17334 71
17334 99
17334 157
17334 159
17249 29
17249 63
17249 161
17493 46
17333 107
17168 64
17168 66
17168 76
17168 80
17168 83
17168 95
17168 105
17116 98
17237 390
17314 13
17314 47
17560 36
17560 47
17131 139
17131 169
17131 210
17131 214
17131 217
17131 225
17243 3
17243 9
17243 12
17243 20
17243 45
17243 59
17243 66
17243 90
17243 95
17243 100
17566 113
17566 118
17566 132
17566 157
17566 180
17566 195
17566 206
17566 207
17566 212
17566 217
17333 110
16942 32
16893 1
16893 9
16893 23
16893 38
16893 40
16893 59
16893 68
16893 83
16893 85
16893 101
17087 1
17087 28
17087 30
17087 95
17087 171
17232 104
17495 277
16965 289
16965 299
17267 23
17019 3
17019 5
17019 13
17019 17
17019 21
17019 42
17019 44
17019 57
17019 75
17019 95
17240 383
17240 436
17240 464
17240 468
16894 300
16896 32
16896 33
17227 18
17005 239
17005 257
17458 35
17023 63
17023 83
17023 120
17023 124
17023 199
17240 419
17240 491
17240 503
17240 511
17240 522
17334 37
17334 39
17334 76
17334 101
17131 144
17131 154
17131 193
17131 195
17131 219
16927 3
17333 108
17333 136
17407 110
16926 191
16926 193
16926 201
16926 203
16926 226
16935 57
17168 5
17168 61
17168 78
17168 82
17168 89
17168 101
17168 103
17415 114
17415 121
17415 223
17415 264
17415 288
17482 134
17482 138
17482 164
17482 186
17482 191
17361 251
17361 252
17057 64
16926 88
16926 91
16926 98
16926 149
16926 202
16891 83
16891 84
16891 123
16891 193
16891 216
16891 235
17137 23
17092 35
17478 146
17478 148
17503 227
17168 106
17168 113
17168 114
17168 116
17168 124
16965 288
17067 17
17067 26
16962 372
17138 38
17199 19
17199 49
17199 53
17199 55
17199 62
17199 65
17199 77
17199 109
17199 137
16891 109
16891 200
16891 217
16891 231
16891 245
17327 86
17327 92
17327 96
17327 111
17080 16
17484 24
17484 47
17178 26
17178 27
17178 32
17178 38
17312 225
16951 104
17023 4
17023 30
17023 70
17023 95
17023 114
17023 149
17023 155
17087 76
17087 169
17087 182
17087 317
17458 38
17458 107
17458 156
17458 171
17005 230
17219 113
17219 114
17361 183
16970 48
16970 142
16949 98
16949 99
16949 300
17459 7
17361 186
16919 37
16919 49
17243 11
17243 18
17243 36
17243 55
17243 64
17243 68
17243 70
17243 77
17243 82
17426 2
17426 6
17426 9
17426 10
17344 49
17458 33
17458 103
17458 105
17537 14
17537 22
17537 24
17240 158
17341 137
17044 77
17495 264
17056 13
17240 370
17240 440
17240 449
17269 10
17269 33
17269 65
17415 179
17415 294
17371 566
17162 135
17162 164
17162 170
17162 180
16921 43
17120 28
17120 29
17005 17
17005 223
17005 237
17005 248
17111 99
17111 103
17036 431
16882 28
16882 58
17383 35
17497 7
17497 32
17210 72
17398 208
17139 271
17497 5
17497 9
17131 119
17131 147
17131 158
17131 196
17131 199
16909 66
17239 297
17372 36
16964 298
17169 19
17169 45
17282 89
16975 40
17552 2
17023 41
17023 44
17023 99
17023 110
17023 116
17023 187
17440 45
17237 483
17459 29
16951 62
17132 9
16947 142
17067 20
17067 22
17067 25
17067 44
17559 27
17559 49
17559 59
17559 68
16978 54
16978 83
16978 523
17550 48
17165 88
17426 7
17426 11
17078 14
17157 4
17334 48
17334 66
17334 79
17334 95
17334 105
17232 142
17537 16
17537 18
17537 19
17537 20
17537 23
17537 27
16962 376
17560 96
16978 418
17155 6
17155 42
17155 53
17155 109
17155 130
17178 25
17178 29
17178 33
17398 199
17406 60
17497 17
17249 15
17249 328
17334 47
17334 63
17334 75
17334 89
17168 62
17168 75
17168 81
17168 100
17168 111
17168 115
17240 393
17240 396
17410 44
17087 124
17087 154
17111 95
17495 280
17036 91
17164 15
17164 113
17521 65
17521 66
17010 13
17010 26
17010 31
17010 46
17010 87
17440 0
17440 42
17440 47
17183 28
17311 0
17361 307
17267 40
17267 104
17566 84
17566 85
16935 65
17306 64
17004 3
17004 5
17004 200
17111 96
17111 227
16891 58
16891 160
17090 73
17162 125
17162 133
17162 134
17162 169
17162 173
17144 87
17144 182
16975 38
17222 16
16950 174
16950 176
17209 49
16895 18
16986 82
17213 84
17056 288
17013 2
17013 5
17013 14
17013 25
17013 26
17013 30
17013 33
17013 36
17013 40
17013 55
17155 12
17155 44
17155 59
17155 110
17155 126
17023 50
17023 52
17023 131
17023 150
17023 188
17023 202
17208 54
17226 85
16891 202
16891 227
16891 238
16891 246
17039 81
17132 10
17132 431
17360 29
17360 72
17004 17
17004 28
17004 257
16888 414
16926 105
16926 150
16926 198
16926 211
16926 231
16935 101
17269 34
17269 50
17172 76
17210 111
16932 43
16932 44
16932 54
17109 155
17228 59
17240 454
17334 160
17128 112
17242 31
17242 32
17242 34
17242 39
17242 40
17242 46
17242 50
17242 60
17242 63
17242 82
17327 88
17482 2
17482 135
17482 136
17482 192
16965 292
17152 91
17152 92
16926 109
16926 157
16926 183
16926 192
16926 200
16926 233
17132 33
17440 46
16893 7
16893 31
16893 39
16893 43
16893 52
16893 95
16893 104
17240 406
17240 413
17240 434
17341 41
17407 7
16935 553
16937 11
16937 13
17401 103
17401 133
17401 136
17087 4
17087 68
17087 99
17087 129
17087 376
17509 41
17398 50
17398 146
17496 3
17496 11
17496 19
17496 24
17496 37
17496 38
17496 42
17496 48
17496 51
17496 57
16909 62
17186 16
17186 39
17186 42
17561 183
17458 37
17458 45
17369 10
17369 12
17369 28
17327 2
17327 118
17103 10
17039 25
17091 83
17547 1
17547 2
17547 5
17023 24
17023 32
17023 42
17023 79
17023 123
17023 184
17023 196
17023 200
17209 51
17209 52
16964 300
16965 301
16926 103
16926 108
16926 155
16926 182
16926 219
16888 509
17005 192
17005 252
17005 267
17005 271
17256 157
17361 365
16891 103
16891 122
16891 124
16891 184
16891 189
16891 206
17132 278
17011 357
17011 372
17174 63
17484 40
17484 54
17055 243
17055 387
17196 39
17566 89
17566 93
17566 104
17566 112
17566 114
17566 140
17566 147
17566 165
17566 208
17132 479
17152 27
17152 71
17152 84
17152 96
17152 132
17560 48
17560 75
17560 101
17364 68
16909 65
17398 196
17383 34
17524 44
17524 130
16882 14
16882 83
16926 110
16926 158
16926 207
16926 230
17011 186
17011 187
17011 364
17178 35
17327 85
17327 91
17327 112
17327 125
17039 2
16926 190
17023 18
17023 19
17023 59
17023 62
17023 85
17023 96
17023 105
17251 59
17251 92
17251 94
17251 102
17251 184
17193 30
16919 503
16894 2
17155 1
17155 24
17155 34
17155 43
17155 122
16965 18
16965 334
17002 12
17249 10
17249 33
17493 47
17009 5
17009 7
17009 8
17009 9
17009 11
17009 12
17009 13
17009 15
17009 16
17053 40
17053 42
17053 55
17053 58
17053 84
17053 90
17053 110
17053 112
17053 116
16963 12
16963 51
16963 67
16963 108
16963 123
16963 124
16963 138
16963 161
16963 165
16963 260
17237 507
16978 473
16965 302
16965 310
17143 1
17143 4
17143 7
17143 10
17143 12
17143 13
17143 14
17143 15
17143 16
17143 18
17361 113
17361 303
17240 423
17240 426
17240 438
17240 455
17137 219
17162 128
17162 140
17274 1
16962 375
16962 385
16962 396
17497 30
17131 77
17131 112
17131 113
17131 124
17131 201
17131 205
17131 223
17114 49
17131 218
17327 77
17327 80
17327 95
17280 17
16919 47
17004 21
17004 26
17111 36
17415 109
17415 131
17415 241
17415 254
17415 267
17190 43
17326 76
17415 112
17415 166
17472 23
17497 10
17497 24
17497 35
17198 83
17198 108
17198 111
17198 115
17198 116
17198 117
17198 119
17239 307
17339 19
17484 38
17235 67
17524 132
17524 133
17309 47
17309 49
17309 50
17502 41
16919 34
17561 49
17547 4
17312 62
16893 18
16893 21
16893 28
16893 45
16893 58
16893 71
16893 93
16893 99
17246 1
17246 2
17246 4
17246 6
17246 7
17246 8
17246 9
17246 12
17246 17
17246 23
17195 200
17237 258
17011 376
17011 377
17011 380
17128 63
17152 86
17152 89
17152 122
17152 124
17152 135
17327 104
17327 110
17004 12
17004 18
17484 3
17484 14
17484 30
17249 16
17249 30
17249 174
17087 53
17087 365
17087 395
17266 10
17266 12
17256 59
16926 84
16926 152
16926 176
16926 179
16926 234
17139 248
17243 1
17243 14
17243 19
17243 44
17243 58
17243 65
17243 71
17243 97
17199 30
17199 45
17199 50
17199 61
17199 73
17199 95
17199 134
17306 33
17306 67
17087 33
17087 49
17087 91
17087 98
17087 113
17307 88
17087 13
17087 41
17087 178
17524 291
17459 61
17281 54
17407 69
17249 217
17005 59
17005 214
17023 15
17239 13
17239 280
17406 61
17560 28
17560 32
17560 34
17560 44
17560 86
16993 85
16993 132
17349 52
17482 153
17482 196
17482 207
17482 211
17240 485
17128 116
17240 476
17240 493
17240 516
17240 523
16993 84
17075 156
16919 104
17249 220
17155 0
17155 8
17155 9
17155 17
17155 25
17155 106
17155 113
17155 137
17383 458
16931 42
16931 56
17309 135
17383 256
17137 13
17169 12
17169 62
17131 110
17131 130
17131 136
17131 138
17131 200
17131 202
17131 230
17326 44
17087 51
17087 86
17087 126
17087 163
17087 170
17281 51
17494 220
17237 113
17309 48
17309 77
17309 134
17401 87
17401 96
17541 1
17244 0
17244 1
17244 2
17244 3
17244 4
17244 5
17244 6
17244 7
17244 8
17244 9
17073 127
16993 90
17005 58
17005 205
17005 268
17005 269
17480 6
17480 7
17480 9
17169 29
17169 171
16962 374
16962 390
16962 397
16949 276
16950 177
17339 17
17339 20
17496 6
17496 7
17496 16
17496 18
17496 20
17496 21
17496 43
17496 49
17496 56
17401 135
17240 424
17240 499
17240 510
17361 308
16926 93
16926 94
16926 175
16926 186
16926 217
17023 0
17023 143
17131 115
17131 127
17131 163
17131 170
17561 118
17561 189
17152 25
17152 30
17152 75
17152 79
17152 82
17152 104
17164 10
17164 105
17269 8
17269 30
17269 36
17269 48
17269 63
17087 85
17087 101
17087 150
17087 180
17087 233
17087 377
16975 50
16975 123
17561 190
17250 60
17250 70
17250 71
17240 141
17240 450
17366 19
17249 14
17249 22
16947 143
17155 15
17155 46
17155 123
17155 125
17155 187
17337 3
16978 7
16978 82
16978 201
16978 220
16978 248
16978 371
16978 380
16978 470
16978 485
16978 496
17341 35
17005 210
17005 253
17005 284
17075 158
16882 18
16882 79
17559 29
17559 42
17559 43
17559 55
17559 58
17334 68
17334 161
17401 102
17401 132
17496 4
17496 5
17496 8
17496 9
17496 17
17496 23
17496 26
17496 33
17496 35
17496 39
17383 122
17383 561
17383 564
16966 44
16896 34
17028 9
17238 1
17333 97
17484 18
17484 20
17484 29
17361 185
17114 61
17114 151
16975 260
17199 4
17199 6
17199 9
17199 34
17199 37
17199 38
17199 41
17199 47
17199 68
17199 91
17168 71
17168 91
17168 98
17168 118
16891 104
16891 132
16891 158
16891 178
16891 181
16891 191
16993 89
17011 352
17011 355
17162 42
17162 143
17162 149
17162 168
17333 98
17333 192
17228 1
17228 61
17415 184
17415 191
17415 206
16919 48
16919 537
17497 4
17195 125
17251 54
17251 235
17530 22
17497 25
17213 54
17198 57
17198 58
17198 65
17198 81
17198 82
17198 100
17198 102
17198 107
17440 44
17440 123
17240 389
17240 439
17240 461
17240 482
17415 159
17415 192
17415 200
17023 6
17023 88
17023 118
17023 140
17023 194
17205 154
17506 4
17019 1
17019 12
17019 16
17019 18
17019 30
17019 46
17019 77
17019 89
17019 92
17019 94
17033 55
17327 73
17327 103
17327 105
17327 121
17356 117
17194 95
17037 13
17037 14
17195 144
17413 198
17155 13
17155 31
17155 121
17155 128
17155 134
17391 38
17232 103
17077 170
16976 72
17239 159
17080 18
17482 151
17482 163
17482 174
17482 209
17482 240
17482 244
17029 141
17162 43
17162 131
17162 132
17162 138
17162 141
17237 28
17023 73
17023 148
17023 216
16944 298
17206 237
17206 399
17004 24
17004 31
17459 4
17005 57
17005 227
17005 246
17208 254
17162 127
17162 174
17415 154
17415 175
17415 187
17415 257
17415 282
17484 7
17484 13
17484 15
17484 51
17566 90
17566 116
17566 136
17566 143
17566 144
17566 170
17566 171
17566 179
17566 183
17566 215
16951 102
17550 12
17228 11
17228 60
17415 202
17415 292
17415 297
17495 273
17031 17
17249 11
17327 1
17327 98
17327 99
17327 114
17327 120
17260 74
17287 38
17287 145
17287 72
17287 156
16935 26
16935 36
16935 90
16935 102
17243 7
17243 21
17243 28
17243 29
17243 51
17243 62
17243 89
17243 99
17242 1
17242 26
17242 30
17242 36
17242 44
17242 55
17242 58
17242 66
17242 69
17242 74
16979 62
17400 118
17065 97
17155 23
17155 47
17155 115
17155 117
17155 131
17237 147
17019 26
17019 66
17019 76
17019 86
17019 103
17019 104
17019 105
17019 107
17135 2
17160 34
17355 61
17503 25
17132 56
17240 447
17240 463
17497 15
17131 129
17131 179
17131 198
17131 215
17087 6
17087 10
17087 78
17087 152
17087 167
17162 122
17162 126
17162 155
17162 156
17162 159
17132 12
17242 14
17242 21
17242 33
17242 41
17242 48
17242 54
17242 80
16962 379
17237 268
17004 261
17447 5
17447 17
17447 18
17447 33
17447 128
17447 132
17447 137
17447 143
17447 153
17524 3
17036 433
17109 89
17023 33
17023 56
17023 71
17023 126
17023 147
17287 155
16926 187
16926 204
17010 8
17010 10
17010 34
17010 40
17010 54
17010 55
17010 56
17010 67
17132 32
17087 80
17087 97
17087 153
17087 159
17087 189
17504 32
17550 49
17214 14
17295 1
17295 4
17295 7
17295 8
17295 14
17295 16
17295 17
17295 22
17295 23
17295 25
17152 28
17152 66
17152 93
17152 113
17152 133
17560 29
17560 46
17560 80
17560 84
17478 152
16986 92
16986 104
17349 46
17052 1
17052 7
17052 8
17052 9
17052 10
17052 12
17052 14
17269 57
17269 64
17269 169
17250 63
17488 30
17488 44
17488 48
17488 68
17488 160
17488 168
17488 192
17488 244
17383 560
17383 562
17383 565
17002 0
17152 88
17152 101
17152 108
17152 114
17152 115
17475 130
17099 28
17099 90
17249 209
17373 64
17373 65
17373 78
17401 99
17132 170
17005 236
17005 247
17005 261
17005 265
17005 283
17010 2
17010 11
17010 30
17010 32
17010 39
17010 48
17010 58
17010 72
17010 82
17356 76
17499 2
17499 6
17499 8
17499 9
17251 53
17251 72
17251 82
16951 103
17249 27
17249 32
17524 293
17524 294
17010 12
17010 14
17010 18
17010 24
17010 29
17010 36
17010 50
17010 66
17010 77
17169 16
17169 26
17169 46
17169 49
17110 14
17011 367
17155 11
17155 21
17155 111
17155 114
17155 120
17155 140
17316 21
17316 23
17316 99
17010 19
17010 33
17010 49
17010 59
17010 61
17010 64
17010 65
17010 76
17010 81
17010 88
17057 90
16949 55
16949 90
16964 297
17199 21
17199 28
17199 57
17199 69
17199 89
17199 92
17199 101
17199 107
17199 138
17199 140
17002 18
17306 32
17306 124
16992 6
16992 13
16992 14
16992 15
17065 111
17122 141
17287 149
17304 70
17407 8
17426 4
17426 8
17458 160
17004 215
17056 15
17333 106
17333 112
17361 386
17087 0
17087 9
17087 50
17087 65
17087 111
17087 114
17087 371
17004 15
17004 32
17004 264
17251 61
17251 69
17251 99
17251 190
17520 29
17036 4
17227 7
17227 20
16964 532
17476 25
17560 78
17240 445
17484 57
17484 58
17005 238
17005 276
17005 282
17415 212
17415 234
17415 236
17415 270
17415 271
17323 5
17087 69
17087 105
17087 106
17087 157
17087 179
17087 186
17023 21
17023 38
17023 45
17023 53
17023 98
17023 138
17023 146
16935 19
16935 59
16935 64
16935 384
17413 203
17226 44
16965 153
16965 295
16891 111
16891 126
16891 199
16891 220
16891 233
17044 66
16927 2
17401 94
17206 142
17011 354
17360 89
17457 63
17413 189
17413 197
17413 205
17101 58
16944 162
17265 22
17397 87
16935 28
16935 37
17048 25
17383 36
17383 91
17417 20
17417 24
17417 25
17417 28
17417 29
17271 41
17361 304
17159 53
17257 43
17397 83
17128 115
16960 200
17128 91
16946 150
17057 108
17557 102
16913 43
17053 0
17053 18
17053 43
17053 67
17053 72
17053 75
17053 78
17053 81
17053 83
17053 107
17482 133
17482 154
17482 225
17482 235
17482 243
16992 9
16992 23
16992 34
16992 35
16992 56
17397 85
17552 35
17155 5
17155 39
17155 118
17155 132
17369 11
16919 46
16919 52
17360 88
16951 123
16951 134
17169 8
17046 23
16935 392
16950 120
17169 41
17169 54
17164 2
17164 3
17164 111
17011 363
17087 104
17087 121
17087 156
17087 187
17087 367
17306 63
17306 66
17398 198
17398 206
17029 222
17334 45
17334 59
17334 61
17334 90
17334 96
16901 3
17308 137
17560 87
17560 88
17560 89
17560 100
17005 245
17005 280
17005 290
17334 32
17334 34
17334 58
17334 62
17334 94
17334 97
16949 95
16949 417
17307 57
17287 157
17131 148
17131 151
17131 168
17131 173
17131 185
17131 187
17131 188
17552 34
17188 2
17131 160
17131 182
17131 192
17131 203
17179 16
17459 6
17482 137
17482 170
17482 232
17371 529
17087 32
17087 62
17398 52
17169 0
17169 38
17559 31
17559 39
17559 70
17496 15
17496 53
17111 97
17111 98
17111 100
16965 285
16965 314
17401 18
17401 97
17401 101
17243 22
17243 34
17243 40
17243 42
17243 52
17243 57
17243 73
17243 83
17243 91
17484 23
17484 27
17484 55
16944 148
16944 160
17169 47
17250 69
17250 61
17250 72
17250 92
17174 47
17142 29
17142 31
17309 133
17199 12
17199 20
17199 36
17199 94
17199 96
17199 102
17199 108
17199 117
17199 124
17199 139
17373 125
17011 356
17011 361
16893 10
16893 36
16893 48
16893 61
16893 75
16893 97
16893 5
16893 15
16893 26
16893 54
16893 79
16893 80
16893 84
16893 94
16893 111
17169 10
17169 20
17169 27
17002 3
17002 8
16882 16
16882 17
16882 20
16882 23
16882 26
17328 14
17328 41
17328 47
17009 0
17009 1
17009 2
17009 3
17009 4
17009 6
17009 10
17009 14
17009 17
17009 18
17250 68
17208 212
17349 47
17087 92
17087 168
17087 176
17087 379
17361 96
17361 99
17361 103
17559 46
17559 61
17559 62
17559 85
17356 115
17237 137
17237 139
17056 12
17440 48
17334 40
17334 50
17334 78
17334 106
17087 27
17087 55
17087 64
17087 70
17087 94
17046 24
16964 299
17083 130
17004 8
17004 25
17004 29
17004 75
17004 218
17132 57
17132 64
17199 18
17199 40
17199 74
17199 103
17199 106
17199 118
17199 126
17199 128
17199 131
17199 141
16926 92
16926 178
16926 184
16926 209
16926 224
16926 228
16926 266
17087 38
17087 57
17087 127
17087 190
17334 51
17334 69
17415 65
17415 230
17415 253
17237 117
16888 251
17328 91
17240 397
17240 421
17240 472
17240 505
17334 46
17334 83
17077 179
17055 402
16926 85
16926 97
16926 220
17249 23
17249 208
17295 2
17295 3
17295 5
17295 6
17295 9
17295 11
17295 18
17295 19
17295 27
17295 29
17131 108
17131 141
17131 161
17131 189
17131 191
17131 222
17131 231
17137 100
16919 45
16919 311
17155 29
17155 180
17240 456
17240 480
17269 9
17269 60
16963 7
16891 108
16891 157
16891 209
16891 212
16891 229
16891 250
16891 127
16891 128
16891 175
16891 196
16970 47
16970 97
17308 135
17478 147
17484 0
17484 16
17484 44
17545 40
17482 177
17482 184
17482 189
17482 195
17482 236
17482 241
16973 0
16973 3
16973 5
16973 12
16973 23
16973 25
16973 26
16973 29
16973 35
16973 46
17563 75
17199 0
17199 3
17199 5
17199 7
17199 23
17199 71
17199 88
17199 104
17199 119
17199 143
17270 71
17334 2
17334 49
17334 55
17240 433
17240 459
17283 9
16935 31
16935 76
17005 173
17005 217
17005 242
17005 262
17240 432
17240 466
17240 481
17240 495
17339 308
17249 26
16935 25
16935 135
17162 153
17162 161
17162 165
17169 189
17250 66
17037 10
17068 23
17497 34
17240 429
17240 435
17240 451
17240 504
17055 464
17191 48
17439 18
17439 26
17439 27
17407 2
17276 16
17459 36
17509 45
17005 255
16970 101
17169 35
17169 61
17011 360
17210 112
17249 12
17249 31
17249 39
16883 157
17306 34
17306 68
17087 45
17087 47
17087 60
17087 88
17087 151
17087 160
17368 0
17368 4
17566 128
17566 130
17566 135
17566 145
17566 172
17566 173
17566 178
17566 191
17566 197
17566 213
17240 204
17240 443
17240 462
17488 178
17488 277
16935 27
16949 54
16962 382
16962 392
16962 395
17023 7
17023 81
17023 86
17023 101
17023 104
17023 121
16909 67
17237 104
17164 5
17164 6
16891 150
16891 163
16891 201
17128 26
17128 108
17019 9
17019 29
17019 35
17019 40
17019 48
17019 55
17019 62
17019 70
17019 81
17019 106
17240 420
17080 156
17055 325
17132 251
17360 87
17287 12
17287 144
17287 148
17111 102
17132 4
17240 470
17240 484
17240 506
17240 514
17413 200
16891 142
16891 180
16891 187
16891 243
17249 25
17495 284
17005 201
17005 207
17005 273
17005 288
17143 0
17143 2
17143 3
17143 5
17143 6
17143 8
17143 9
17143 11
17143 17
17143 19
17199 11
17199 56
17199 63
17199 70
17199 76
17199 79
17199 81
17199 116
17199 127
17199 135
17164 110
17206 25
17206 471
16986 76
16986 78
16986 86
17043 75
17067 28
17087 11
17087 87
17087 158
17087 184
17087 369
17021 0
17021 3
17021 10
17111 179
17239 112
17361 102
17013 1
17013 8
17013 10
17013 19
17013 23
17013 29
17013 34
17013 42
17013 49
17013 50
17157 10
17004 23
17019 2
17019 7
17019 22
17019 41
17019 43
17019 59
17019 60
17019 63
17019 68
17019 83
17053 6
17053 17
17053 23
17053 34
17053 44
17053 51
17053 89
17053 92
17053 95
17390 7
17110 59
17358 65
17458 168
17155 3
17155 19
17155 119
17155 124
17155 147
17155 157
17427 9
16962 292
17013 7
17013 18
17013 45
17013 47
17013 48
17013 53
17013 60
17559 35
17559 41
17559 50
17559 66
17559 67
17559 69
17056 362
17132 159
17497 2
17458 165
17361 101
16935 103
17013 0
17013 12
17013 13
17013 35
17013 38
17013 43
17013 54
17240 391
17240 403
17240 410
17240 492
17201 2
17201 4
17201 7
17201 8
17201 11
17201 13
17201 15
17201 16
17201 17
17251 93
17251 100
17364 159
17393 5
17393 6
17497 12
17398 34
17320 19
17320 41
16945 18
17400 64
16891 102
16891 161
16891 192
16891 194
16891 197
16891 213
16891 230
16891 241
16891 242
17282 77
17397 84
17458 32
17132 0
16935 29
16944 228
17497 38
16949 82
16893 0
16893 6
16893 30
16893 60
16893 77
16893 78
16893 87
16893 89
16893 91
16893 96
16891 85
16891 179
16891 185
16891 188
16891 207
17398 201
17164 9
17164 16
17164 43
17164 44
17019 27
17019 28
17019 31
17019 38
17019 53
17019 58
17019 85
17019 88
17019 91
17019 98
17087 61
17087 74
17087 100
17087 103
17087 166
17164 0
17164 1
17164 79
16986 74
16986 91
17087 67
17087 75
17087 77
17087 122
17087 191
17087 375
17087 378
17132 8
17132 254
17503 228
16934 44
16965 283
16965 293
17206 396
17206 397
16919 39
17497 19
17497 27
17497 33
17205 149
17205 155
17205 157
17267 145
17132 393
16944 282
16944 301
17397 86
17132 147
16935 94
17023 26
17023 47
17023 102
17023 106
17023 139
17023 144
17023 214
17047 17
17139 272
17039 24
17526 39
17251 75
17251 96
17251 105
17251 183
17560 31
17560 43
17560 45
17560 93
17560 98
17036 166
17010 3
17010 15
17010 16
17010 17
17010 42
17010 68
17010 69
17010 73
17010 83
17361 305
16994 231
17152 29
17152 31
17152 94
17152 106
17152 126
17152 130
17152 137
17559 36
17559 48
17559 52
16944 161
17504 15
17131 171
17131 206
17131 216
17131 224
17251 58
17251 88
16944 150
17186 41
17168 65
17168 90
17168 99
17168 104
17168 107
17168 110
17168 112
17168 119
17168 121
16929 106
17036 51
17452 22
17238 19
17056 0
17055 115
17131 121
17131 133
17131 146
17131 162
17131 164
17535 106
16993 153
17540 1
17540 4
17540 5
17540 6
17540 14
17540 15
17540 19
17540 25
17540 27
17219 116
17327 83
17327 107
17327 115
17205 150
17205 152
17334 41
17334 54
17334 91
17334 158
17495 282
16944 181
17240 467
17240 486
16964 136
17023 10
17023 25
17023 46
17023 75
17056 17
17314 51
16946 95
17334 42
17334 102
17528 9
17251 95
17251 104
17406 58
17406 145
17287 146
17287 161
16891 182
16891 183
16891 215
16891 224
17566 138
17566 149
17566 164
17566 169
17566 187
17566 188
17566 199
17566 205
17566 210
17566 216
17469 5
17469 11
17469 25
17469 37
17469 44
17469 68
17469 103
17011 378
17243 4
17243 8
17243 15
17243 27
17243 35
17243 54
17243 63
17243 67
17243 75
17243 81
17243 0
17243 13
17243 31
17243 33
17243 74
17243 78
17243 84
17243 96
17252 0
17406 46
17406 59
17398 203
17398 210
17237 190
16931 79
17413 194
17413 236
17139 120
17237 467
17251 73
17251 91
17251 110
17251 187
17198 61
17198 71
17198 84
17198 104
17198 110
17095 36
17095 37
17095 52
17095 58
17095 78
17095 86
17095 100
17095 120
17095 140
16919 32
16919 57
17268 19
17205 147
17328 39
16949 60
17132 11
17383 89
17011 379
17566 91
17566 111
17566 126
17566 133
17566 142
17566 159
17566 166
17566 167
17566 181
17566 200
17132 405
17132 427
17495 283
16979 58
16960 62
17327 90
17327 97
17327 123
17415 226
17415 265
17415 286
17466 41
17338 110
17339 310
16935 77
16976 70
16976 79
16992 7
16992 17
16992 21
16992 24
16992 27
16992 31
16926 156
16926 216
16926 227
16935 80
17087 23
17087 39
17087 175
17249 24
16921 164
17308 136
17309 114
17313 182
17237 114
17237 118
17169 6
16944 149
17128 111
17128 114
17128 118
17128 155
16951 122
17155 2
17155 14
17155 16
17155 108
17155 116
17155 142
16944 163
17004 1
17004 254
17198 72
17198 86
17198 94
17198 95
16935 67
16935 173
16935 175
16935 297
16935 325
16935 367
16935 406
16935 529
16935 535
16935 548
17494 54
17005 249
17005 274
17005 285
16932 68
17067 9
17067 27
17067 43
17249 13
17398 84
17503 230
17503 231
17478 145
17478 154
17316 25
17316 61
17316 64
17316 104
17316 114
17316 118
17440 43
17561 185
17087 7
17087 25
17087 66
17087 107
17087 161
17087 164
17087 172
17484 1
17561 196
17482 144
17482 157
17482 166
17482 173
17482 178
17250 62
17250 64
17250 73
17155 7
17155 22
17155 37
17155 48
17155 49
17155 107
17155 136
17028 108
17087 29
17087 54
17087 366
17240 239
17240 399
16893 20
16893 24
16893 35
16893 72
16893 76
16893 92
16893 98
16893 102
16893 103
16893 110
17023 16
17023 34
17023 68
17023 78
17023 159
17023 193
17023 203
16935 79
17251 52
17251 81
17251 86
17251 89
17251 103
17067 16
17067 21
17394 232
17240 395
17240 401
17240 518
17240 524
17269 13
17269 14
17269 22
17269 23
17269 24
17269 40
17269 59
17208 30
17537 15
17537 17
17537 25
17537 26
17480 8
17480 10
17480 11
17482 147
17482 156
17482 176
17482 190
17494 218
17566 102
17566 123
17566 129
17566 150
17566 152
17566 161
17566 175
17566 176
17566 198
17566 222
16893 22
16893 34
16893 41
16893 50
16893 51
16893 67
16893 90
16893 100
17249 7
17249 9
17249 21
17249 194
17269 11
17269 41
17269 44
16932 46
16947 145
17308 134
17559 28
17559 34
17559 40
17559 44
17559 45
17559 57
17090 72
17131 118
17131 128
17131 134
17131 157
17131 159
17540 2
17540 10
17540 12
17540 16
17540 17
17540 22
17540 28
17540 29
17540 32
17540 33
16994 225
17033 44
17270 29
17087 37
17087 89
17087 185
17087 188
17011 353
17478 153
17195 114
16919 38
17334 33
17334 56
17334 57
17334 64
17334 65
17195 143
16929 48
17295 0
17295 10
17295 12
17295 13
17295 15
17295 20
17295 21
17295 24
17295 26
17295 28
17339 127
17393 3
17393 4
17393 7
16949 61
16949 126
17053 29
17053 32
17053 61
17053 69
17053 80
17053 98
17053 102
17053 108
17053 114
17053 115
17361 172
17023 48
17023 109
17023 117
17023 157
17194 37
17509 43
17459 5
17484 2
17484 8
17484 34
17484 42
16919 247
17245 0
17245 15
17245 27
17245 28
17245 30
17245 31
17245 32
17245 39
17245 61
17245 73
17467 98
17484 4
17484 43
17413 9
17316 100
17316 110
17316 111
17316 116
17087 18
17087 22
17087 73
17087 174
17004 263
17237 186
17444 94
17023 9
17023 51
17023 74
17023 84
17023 111
17023 129
17023 141
17023 152
17023 198
17019 19
17019 23
17019 25
17019 34
17019 47
17019 49
17019 74
17019 82
17019 84
17019 99
17075 153
17199 2
17199 31
17199 32
17199 43
17199 44
17199 83
17199 98
17199 115
17199 125
17199 136
16934 20
17497 6
17497 31
17210 110
17413 91
17155 32
17155 40
17155 45
17155 112
16919 42
16919 43
16919 109
17023 13
17023 97
17023 128
17023 182
17023 321
17131 125
17131 132
17131 137
17131 209
17131 212
17131 221
17158 37
17158 66
16926 90
16926 208
17002 34
17002 66
16993 187
17011 362
17240 400
17240 409
17240 442
17240 471
17240 498
17240 509
17240 519
16949 125
16949 275
17327 72
17327 75
17327 100
17327 102
17327 153
17169 37
17169 50
17413 199
17077 178
17005 152
17005 211
17005 219
17005 240
17005 272
17005 286
17482 3
17482 149
17482 150
17482 159
17482 168
17482 212
16906 19
17488 176
17265 191
17488 190
17011 371
17206 133
17199 8
17199 10
17199 27
17199 33
17199 66
17199 72
17199 97
17199 99
17199 112
17199 133
16926 145
16926 185
16935 134
17240 425
17240 431
17240 444
17005 202
17005 222
17005 235
17005 289
17005 291
17243 16
17243 17
17243 24
17243 37
17243 53
17243 56
17243 72
17243 86
17243 87
17243 94
17205 30
17205 162
17005 66
17005 243
17005 244
17482 142
17482 146
17482 171
17482 203
17482 213
17482 228
17417 7
17417 15
17417 22
17417 31
17417 43
16962 373
17206 140
16949 87
16949 279
17334 73
17334 88
17334 104
17091 29
17091 84
17271 178
17251 63
17251 68
16888 148
17249 34
17249 86
17334 52
17334 72
17334 81
17334 82
17334 100
16951 121
17495 276
16947 23
17132 169
17398 85
16944 166
17270 63
17561 192
17206 130
17495 267
17495 275
16929 18
17357 73
17041 39
17041 126
17484 53
17413 193
16894 174
17208 119
16891 106
16891 129
16891 145
16891 186
16891 195
16891 211
16891 232
17010 20
17010 25
17010 45
17010 62
17010 86
17010 89
17004 11
17496 12
17496 27
17496 30
17496 32
17496 36
17496 47
17496 50
17496 52
17496 54
16948 82
17333 95
17073 170
17164 14
17524 292
16964 206
17169 22
17169 32
17169 33
17169 55
17415 134
17415 145
17415 150
17523 37
17339 126
16950 16
16950 214
17335 79
17005 10
17005 203
17005 204
17005 224
17005 277
17005 281
16976 71
17497 13
17497 20
17246 0
17246 5
17246 14
17246 15
17246 18
17246 24
17131 123
17131 155
17131 177
17131 227
17287 141
17287 162
17344 36
17494 219
16894 175
17415 110
17415 111
17415 193
17415 239
17415 261
16944 299
16882 15
16882 30
17023 5
17023 27
17023 72
17023 87
17023 135
17023 136
17023 158
17023 189
16916 149
17249 6
16951 105
17056 69
17560 41
17560 91
17482 139
17482 158
17482 160
17482 188
17482 221
17499 5
17499 10
17499 11
17499 20
17499 21
17561 184
17407 187
17401 98
17401 115
17401 130
17401 131
17482 217
17482 234
17482 242
17503 187
16962 381
16986 65
16935 33
16935 452
16935 74
17126 143
17083 60
17083 67
16994 139
17566 86
17566 87
17566 88
17053 11
17053 16
17053 39
17053 45
17053 53
17053 77
17053 86
17053 93
17053 103
17053 109
17087 58
17087 108
17155 10
17155 18
17155 30
17155 35
17155 65
17155 133
17087 12
17087 17
17087 26
17087 43
17087 109
17087 368
17495 265
17495 274
17560 81
17415 115
17415 262
17361 309
17566 92
17566 96
17566 97
17566 107
17566 108
17566 137
17566 139
17566 174
17566 190
17566 223
17100 105
17335 77
16950 175
17209 48
17269 15
17269 16
17269 39
17269 53
17269 62
17269 112
17320 40
17506 5
17184 7
17184 25
17309 136
17341 81
17481 1
17481 2
17132 177
17029 223
17339 18
17339 219
17339 349
17036 50
16891 125
16891 151
16891 166
16891 218
16891 226
16891 228
16891 240
17010 35
17010 37
17010 84
17458 155
17077 133
17240 392
17240 437
17240 490
17240 508
17162 136
17162 177
17023 57
17023 89
17023 92
17023 108
17023 119
17023 201
17415 140
17415 161
17415 205
17415 245
17415 277
16976 142
17458 41
17458 106
17458 154
17458 170
17235 83
17308 169
17138 8
17237 120
16935 30
17131 107
17131 126
17131 180
17131 213
17131 220
17339 153
17269 18
17269 47
17269 52
17152 35
17152 80
17152 85
17152 87
17152 98
17152 112
17152 120
17152 127
17383 123
17323 45
17550 50
16950 178
17320 29
17320 45
17033 46
17033 45
17162 44
17162 118
17162 124
17162 158
17162 160
16949 123
17205 146
17560 74
17560 82
17560 97
17349 68
17139 63
17056 14
17128 110
17251 66
17251 74
17251 87
17251 189
17497 8
17497 18
17497 26
17497 36
17243 5
17243 23
17243 26
17243 43
17243 46
17243 49
17243 76
17243 80
17243 88
17243 98
17415 171
17415 266
17415 279
16992 4
16992 18
16992 20
16992 32
16992 66
17356 155
17037 9
17091 85
17306 31
17306 65
16935 60
16944 300
16978 55
17415 117
17415 129
17415 195
17415 276
17415 293
17415 299
17316 20
17316 62
17316 97
17493 0
16926 181
16926 210
17100 110
17482 148
17482 165
17482 180
17482 205
17482 224
17482 227
17011 366
17237 116
17155 28
17155 50
17155 52
17155 138
17155 155
17005 212
17005 231
17005 254
17005 279
17237 99
17304 23
17162 45
17162 162
17162 172
17256 76
17316 22
17316 27
17316 59
17316 63
17198 62
17198 67
17198 68
17198 75
17198 90
17198 105
17198 118
17227 13
17398 194
17131 131
17131 149
17131 150
17131 167
17131 175
17131 204
17249 218
17361 273
17047 16
17047 18
17413 190
17413 207
17152 70
17152 83
17152 95
17152 119
17152 125
17152 128
17348 40
17497 21
17256 31
17364 48
16986 66
16986 70
16986 79
17139 273
17011 374
17523 35
17523 36
17132 62
17132 7
17132 155
17132 269
17157 25
17136 71
17495 221
16978 46
16978 84
16963 81
16963 121
16963 130
16963 163
16963 166
16963 170
16963 261
16963 276
16963 291
17287 35
17287 147
17164 11
17164 82
17240 372
17240 404
17240 465
16994 180
17482 140
17482 175
17482 183
17482 220
17482 223
17482 230
17482 238
16948 7
16948 44
16948 81
16948 99
16948 125
16948 159
16948 165
16948 178
16948 189
16948 243
17087 3
17087 81
17087 165
17087 173
17228 43
17364 51
17201 0
17201 1
17201 3
17201 5
17201 6
17201 9
17201 10
17201 12
17201 14
17458 46
17458 164
17458 172
17004 9
17251 98
16946 243
17023 1
17023 35
17023 82
17023 107
17023 134
17023 142
17237 150
17394 38
17077 94
16947 292
17226 168
17023 23
17023 67
17023 130
17023 156
17023 197
16927 1
16946 4
17099 10
17320 42
17087 8
17087 115
17087 381
16894 6
16894 176
17302 2
17484 25
17484 36
17111 228
17131 142
17131 166
17131 181
17131 183
17131 190
17131 197
17242 27
16935 72
16935 75
17484 33
17484 48
17484 50
16965 296
16944 164
16965 308
17250 74
16891 32
16891 152
16891 237
16891 248
16883 122
16919 33
16949 59
17240 405
17240 475
17142 30
17560 37
17560 40
17560 94
17484 46
17171 35
16935 34
17041 40
17169 53
16926 87
16926 95
16926 96
16926 153
16926 171
16926 205
17036 255
17413 191
17413 196
17499 1
17499 3
17499 4
17499 7
17499 19
17334 38
17334 92
17334 107
17415 185
17415 260
17497 22
17235 3
16986 77
17023 29
17023 64
17023 66
17023 69
17023 127
17271 158
17334 43
17334 74
17334 84
17334 86
17322 53
16993 87
16993 88
17136 64
17251 62
17251 107
17251 185
17251 191
17036 297
17240 500
17240 515
17240 521
17240 525
17349 101
16965 213
16965 311
16965 312
17237 153
17373 76
16976 80
17065 177
17484 10
17484 49
17524 295
17028 223
17073 163
17257 44
16919 44
16978 334
17240 382
17240 387
17240 394
17240 402
17240 469
17561 187
17037 11
17010 38
17010 41
17010 43
17010 51
17010 52
17010 57
17132 3
17132 6
16935 56
17458 157
17458 161
17458 167
17458 174
17484 37
17484 39
17566 101
17566 103
17566 106
17566 109
17566 162
17566 185
17566 194
17566 196
17566 201
17566 224
17198 32
17198 64
17198 70
17198 78
17198 103
17198 106
17333 111
17029 199
17240 458
17240 488
17240 512
17240 517
17022 3
17022 4
17022 5
17022 9
17022 12
16965 304
17019 6
17019 8
17019 10
17019 15
17019 39
17019 52
17019 90
17019 100
17019 101
17019 102
17131 109
17131 135
17131 174
17131 178
17131 184
17131 207
16978 85
16965 300
16916 126
17023 54
17023 60
17023 76
17023 100
17023 122
17056 62
16949 64
16949 83
16949 132
17406 47
17495 270
17495 279
17287 152
17240 234
17240 478
17169 11
17169 17
17317 32
16947 137
17557 105
17360 71
17561 186
16965 290
17169 18
17459 2
17343 32
17343 61
17522 52
16976 73
17011 365
17245 16
17245 19
17245 22
17245 42
17245 45
17245 55
17245 62
17245 68
16970 98
16970 143
16931 80
17206 37
17206 321
17383 38
17383 543
17044 76
17240 384
17142 32
16965 23
16965 313
17087 44
17087 102
17087 192
17087 380
17111 28
17111 131
16992 1
16992 5
16992 11
16992 26
17237 148
17484 17
17484 41
17169 14
17169 40
16965 303
17099 116
17413 202
17413 208
17240 408
17240 415
17240 418
17240 446
17240 460
16891 73
16891 143
16891 144
16891 208
16891 219
16891 221
17304 88
17036 16
17251 56
17251 71
17251 79
17251 97
17251 109
17075 151
16962 341
16962 391
16962 393
17213 52
17213 53
17240 477
17269 12
17269 45
17269 54
17028 220
17198 54
17198 56
17198 59
17198 91
16965 298
17044 113
17356 116
17389 11
17242 2
17242 3
17242 6
17242 8
17242 10
17242 43
17242 56
17242 65
17242 79
17242 83
17398 202
17282 76
16978 511
16909 164
16935 38
17459 1
17459 28
17004 19
17131 117
17131 122
17131 165
17199 1
17199 14
17199 29
17199 48
17199 51
17199 58
17199 60
17199 64
17199 111
17199 121
16935 23
17023 8
17023 14
17023 40
17023 55
17023 145
17023 183
17023 190
17023 191
17023 215
17364 49
17128 109
17128 113
17068 6
17566 115
17566 117
17566 120
17566 121
17566 134
17566 148
17566 155
17566 163
17566 184
17566 220
16891 156
16891 222
16891 223
16891 234
16891 244
16891 249
17305 9
17140 59
16951 118
16951 125
17334 35
17334 44
17334 70
16962 377
17169 1
17169 58
17505 56
17383 124
17311 132
17080 14
17497 0
17497 14
17497 23
17497 37
17111 101
17242 4
17242 15
17242 20
17242 24
17242 57
17242 59
17242 72
17242 78
17210 77
17075 150
17075 155
17280 52
17334 36
17334 60
17334 98
17334 103
17169 24
17169 28
17131 116
17131 145
17131 172
17131 211
17005 213
17005 266
17162 41
17162 46
17162 119
17162 145
17206 489
17132 2
17335 100
16882 19
16882 29
17004 16
17004 20
17004 104
17004 214
17561 117
17561 188
17561 194
17561 197
17245 5
17245 8
17245 11
17245 12
17245 14
17245 18
17245 23
17245 24
17245 57
17245 69
17010 1
17010 21
17010 27
17010 47
16935 21
16935 141
16935 66
16919 51
16962 301
17206 119
17206 490
17240 385
17240 398
17240 473
17240 502
17240 513
16986 68
16986 81
17023 36
17023 37
17023 65
17023 154
17023 217
17046 20
17383 50
17383 106
17383 119
17383 221
17383 223
17383 304
17383 335
17383 380
17383 477
17383 510
17152 32
17152 69
17152 72
17152 102
17251 64
17251 76
17482 169
17482 179
17482 206
17240 386
17240 414
17240 430
17240 457
17237 111
17406 48
17155 38
17155 129
17155 135
17155 141
17155 143
17162 48
17162 123
17162 144
17162 147
17162 157
17023 3
17023 31
17023 80
17023 112
17023 113
17023 137
17023 185
17415 172
17415 178
17415 181
17415 219
17415 242
17162 142
17162 151
17162 167
17162 175
17077 10
17232 21
17243 2
17243 10
17243 25
17243 39
17243 41
17243 47
17243 61
17243 69
17243 93
17341 141
17495 278
17560 85
16926 99
16926 174
16926 214
16926 215
16926 221
17459 8
17267 173
16944 5
16975 108
16986 71
16986 80
16986 83
16986 152
17415 127
17415 141
17415 143
17415 211
17415 263
17057 61
17237 152
17237 155
17415 124
17415 144
17415 170
17415 224
17415 278
17537 21
17469 52
17087 14
17087 83
17087 93
17087 120
17087 128
17398 209
17333 96
17120 45
17561 191
17036 308
16926 100
16926 101
16926 102
16926 180
16926 232
17029 14
17029 28
17029 33
17029 55
17029 133
17029 147
17029 168
17029 171
17029 235
17029 250
17335 78
17415 142
17415 290
17415 296
17237 149
17561 48
17087 71
17087 82
17087 123
17087 364
17138 94
17327 71
17327 87
17327 94
17327 117
17152 26
17152 33
17152 34
17152 110
17152 118
17152 123
17152 134
17152 140
17426 0
17426 1
17426 3
17426 5
17426 12
17053 4
17053 7
17053 24
17053 33
17053 47
17053 48
17053 64
17053 100
17053 104
17053 106
16951 106
16965 297
17036 169
17036 432
17458 159
16909 64
17010 5
17010 22
17010 75
17010 80
17328 109
17237 138
17237 156
16901 0
16901 129
17254 15
17004 14
16970 76
16970 92
16970 99
16970 144
16994 121
17287 142
17287 159
17287 160
17560 33
17560 35
17560 42
17004 7
16948 65
17052 0
17052 2
17052 3
17052 4
17052 5
17052 6
17052 11
17052 13
17052 15
17155 33
17155 51
17269 21
17269 25
17269 35
17269 56
17242 5
17242 7
17242 11
17242 25
17242 47
17242 49
17242 64
17242 68
17242 76
17242 85
16919 108
16986 64
16986 75
17139 136
16949 63
16949 88
16949 93
17178 28
17178 34
17198 60
17198 63
17198 73
17198 112
17198 113
17198 114
17237 122
17339 155
17339 251
17418 70
17087 16
17087 21
17087 24
17087 63
17087 72
17087 110
17087 370
17147 8
17147 10
17195 223
17251 84
17251 106
17360 86
16893 4
16893 14
16893 55
16893 74
16893 88
16893 116
17398 53
17398 205
17398 207
16964 332
17251 78
17251 188
17251 246
17251 248
16946 115
17333 109
17226 64
17394 233
17199 15
17199 25
17199 26
17199 42
17199 78
17199 82
17199 93
17199 105
17199 123
17199 132
17036 119
17557 104
17560 95
17559 32
17559 33
17559 56
17559 64
17251 57
17251 80
17557 90
17541 48
17199 22
17199 39
17199 54
17199 59
17199 80
17199 110
17199 122
17199 129
17199 142
17199 145
17057 112
17057 160
17560 76
17560 83
17019 0
17019 33
17019 50
17019 56
17019 61
17019 69
17019 73
17019 79
17019 87
17019 97
17307 109
16931 30
16992 3
16992 12
16992 28
16992 29
16992 30
16992 37
17004 6
17391 39
17391 40
17391 41
17391 45
17152 74
17152 116
17152 136
17152 138
17413 72
17417 13
17417 16
17417 18
17417 19
17417 27
17417 34
17417 40
16994 233
17169 5
17169 387
17240 92
17240 98
17240 416
17240 452
16946 227
17560 38
17560 77
17560 90
17560 92
17495 266
17128 107
17075 154
17004 27
17004 199
17004 226
17004 2
17004 4
17053 1
17053 8
17053 28
17053 36
17053 50
17053 63
17053 65
17053 76
17053 82
17053 88
17228 9
17328 45
17458 162
17458 173
17010 0
17010 4
17010 6
17010 60
17010 70
17010 71
17010 85
16927 0
16927 4
17456 19
17547 22
17198 74
17198 88
17198 89
17198 93
17198 101
17540 3
17540 7
17540 8
17540 20
17540 21
17540 24
17540 26
17540 30
17488 177
17488 227
17413 206
17561 193
17482 155
17482 193
17482 239
17482 245
17495 262
17055 203
17132 1
17132 5
17503 24
16935 78
17083 10
17083 11
17269 51
17269 74
17240 388
17240 489
17240 501
17240 520
17146 52
17146 53
16965 139
16965 286
16929 108
17364 50
17364 67
17011 358
17566 95
17566 110
17566 141
17566 158
17566 192
17566 193
17566 203
17566 209
17566 214
16965 305
17243 6
17243 30
17243 32
17243 38
17243 48
17243 50
17243 60
17243 79
17243 85
17243 92
17249 4
17249 386
17249 387
17337 5
17337 6
17337 11
17337 24
17337 31
17337 45
17337 58
17337 74
17337 78
17337 83
17309 137
17328 40
17269 20
17269 37
17269 55
17269 170
17219 115
16926 151
16926 188
16926 213
16926 222
17417 0
17417 17
17417 23
17417 26
17417 41
17005 200
17005 218
17005 233
17139 274
17240 417
17240 428
17240 496
17407 5
17245 3
17245 34
17245 35
17245 38
17245 43
17245 52
17245 58
17245 63
17245 67
17245 74
16949 89
16949 94
16949 129
17055 205
17373 63
16949 62
16949 84
16965 287
17303 93
17386 35
17169 4
17205 151
17249 19
17249 216
17250 67
17271 150
17484 21
17327 84
17327 113
17327 81
17327 82
17327 93
17482 197
17482 198
17482 222
17482 229
17251 65
17251 77
17251 101
17251 108
17335 47
17560 39
17560 79
17560 99
17560 178
17524 131
17131 106
17131 143
17131 156
17131 186
17131 208
17131 228
17249 18
17249 219
16976 75
16976 77
17019 20
17019 24
17019 36
17019 37
17019 45
17019 64
17019 67
17019 72
17019 78
17019 80
17004 10
17004 13
17004 22
17316 103
17316 106
17316 109
17316 117
17559 37
17559 38
17559 47
17559 54
17559 60
17011 83
17011 369
17361 306
17557 89
16994 5
16994 24
16994 42
16994 47
16994 124
16994 175
16994 254
16994 264
16994 283
17401 95
17401 100
17417 1
17417 2
17417 14
17417 21
17417 30
17417 39
17198 55
17198 77
17198 87
17198 92
17198 96
17198 99
17198 109
17240 427
17240 453
16891 112
16891 133
16891 147
16891 214
16891 225
16891 251
16960 176
17055 171
17489 154
17178 24
17178 36
17178 94
17320 39
17320 43
17320 44
17162 120
17162 130
17162 150
17162 152
17036 434
17213 57
17213 56
17287 154
17361 100
17228 8
17228 10
17383 336
17383 514
16962 399
16962 400
17023 20
17023 22
17023 43
17023 61
17023 77
17023 90
17023 186
17208 19
17331 33
17488 189
17087 2
17087 19
17087 56
17087 183
17087 268
17087 382
17269 26
17269 58
17269 66
17245 17
17245 40
17245 44
17245 46
17245 50
17245 51
17245 60
17245 66
17245 70
17245 71
17005 220
17005 226
17552 8
17129 50
16986 67
16986 72
16986 73
17245 4
17245 7
17245 9
17245 20
17245 25
17245 33
17245 48
17245 49
17245 56
17245 64
17205 153
17504 16
17407 149
17169 59
17169 333
16965 294
17561 195
16891 130
16891 176
16891 239
17206 50
17206 398
17242 9
17242 13
17242 23
17242 35
17242 53
17242 62
17242 70
17242 73
17242 77
17242 84
16949 278
17332 42
17120 96
17482 141
17482 143
17482 145
17482 161
17482 162
17509 44
16949 91
16949 130
16962 394
16962 398
17065 147
17053 2
17053 9
17053 14
17053 37
17053 46
17053 57
17053 68
17053 73
17053 87
17053 96
17246 3
17246 10
17246 11
17246 13
17246 16
17246 19
17246 20
17246 21
17246 22
17246 25
17415 139
17415 162
17415 167
17415 174
17415 198
17415 199
17415 269
16962 57
16962 386
